
Welcome to AStar
Initial State:
[[4, 3, 2, 1],[],[]], F=5, G=0, H=5

Pattern: new_state F() G() H():

[[4, 3, 2],[1],[]], F=5, G=1, H=4
OPEN: [[4, 3, 2],[1],[]]  
PRI: 5  
BACKLINKS: [[4, 3, 2, 1],[],[]]  [[4, 3, 2],[1],[]]  

[[4, 3, 2],[],[1]], F=4, G=1, H=3
OPEN: [[4, 3, 2],[1],[]]  [[4, 3, 2],[],[1]]  
PRI: 5  4  
BACKLINKS: [[4, 3, 2, 1],[],[]]  [[4, 3, 2],[1],[]]  [[4, 3, 2],[],[1]]  

[[4, 3],[2],[1]], F=5, G=2, H=3
OPEN: [[4, 3, 2],[1],[]]  [[4, 3],[2],[1]]  
PRI: 5  5  
BACKLINKS: [[4, 3, 2, 1],[],[]]  [[4, 3, 2],[1],[]]  [[4, 3, 2],[],[1]]  [[4, 3],[2],[1]]  

[[4, 3],[1],[2]], F=5, G=2, H=3
OPEN: [[4, 3],[2],[1]]  [[4, 3],[1],[2]]  
PRI: 5  5  
BACKLINKS: [[4, 3, 2, 1],[],[]]  [[4, 3, 2],[1],[]]  [[4, 3, 2],[],[1]]  [[4, 3],[2],[1]]  [[4, 3],[1],[2]]  

[[4, 3, 1],[2],[]], F=7, G=3, H=4
OPEN: [[4, 3],[1],[2]]  [[4, 3, 1],[2],[]]  
PRI: 5  7  
BACKLINKS: [[4, 3, 2, 1],[],[]]  [[4, 3, 2],[1],[]]  [[4, 3, 2],[],[1]]  [[4, 3],[2],[1]]  [[4, 3],[1],[2]]  [[4, 3, 1],[2],[]]  

[[4, 3],[2, 1],[]], F=7, G=3, H=4
OPEN: [[4, 3],[1],[2]]  [[4, 3, 1],[2],[]]  [[4, 3],[2, 1],[]]  
PRI: 5  7  7  
BACKLINKS: [[4, 3, 2, 1],[],[]]  [[4, 3, 2],[1],[]]  [[4, 3, 2],[],[1]]  [[4, 3],[2],[1]]  [[4, 3],[1],[2]]  [[4, 3, 1],[2],[]]  [[4, 3],[2, 1],[]]  

[[4, 3, 1],[],[2]], F=6, G=3, H=3
OPEN: [[4, 3, 1],[2],[]]  [[4, 3],[2, 1],[]]  [[4, 3, 1],[],[2]]  
PRI: 7  7  6  
BACKLINKS: [[4, 3, 2, 1],[],[]]  [[4, 3, 2],[1],[]]  [[4, 3, 2],[],[1]]  [[4, 3],[2],[1]]  [[4, 3],[1],[2]]  [[4, 3, 1],[2],[]]  [[4, 3],[2, 1],[]]  [[4, 3, 1],[],[2]]  

[[4, 3],[],[2, 1]], F=5, G=3, H=2
OPEN: [[4, 3, 1],[2],[]]  [[4, 3],[2, 1],[]]  [[4, 3, 1],[],[2]]  [[4, 3],[],[2, 1]]  
PRI: 7  7  6  5  
BACKLINKS: [[4, 3, 2, 1],[],[]]  [[4, 3, 2],[1],[]]  [[4, 3, 2],[],[1]]  [[4, 3],[2],[1]]  [[4, 3],[1],[2]]  [[4, 3, 1],[2],[]]  [[4, 3],[2, 1],[]]  [[4, 3, 1],[],[2]]  [[4, 3],[],[2, 1]]  

[[4],[3],[2, 1]], F=6, G=4, H=2
OPEN: [[4, 3, 1],[2],[]]  [[4, 3],[2, 1],[]]  [[4, 3, 1],[],[2]]  [[4],[3],[2, 1]]  
PRI: 7  7  6  6  
BACKLINKS: [[4, 3, 2, 1],[],[]]  [[4, 3, 2],[1],[]]  [[4, 3, 2],[],[1]]  [[4, 3],[2],[1]]  [[4, 3],[1],[2]]  [[4, 3, 1],[2],[]]  [[4, 3],[2, 1],[]]  [[4, 3, 1],[],[2]]  [[4, 3],[],[2, 1]]  [[4],[3],[2, 1]]  

[[4, 1],[3],[2]], F=8, G=5, H=3
OPEN: [[4, 3, 1],[2],[]]  [[4, 3],[2, 1],[]]  [[4, 1],[3],[2]]  
PRI: 7  7  8  
BACKLINKS: [[4, 3, 2, 1],[],[]]  [[4, 3, 2],[1],[]]  [[4, 3, 2],[],[1]]  [[4, 3],[2],[1]]  [[4, 3],[1],[2]]  [[4, 3, 1],[2],[]]  [[4, 3],[2, 1],[]]  [[4, 3, 1],[],[2]]  [[4, 3],[],[2, 1]]  [[4],[3],[2, 1]]  [[4, 1],[3],[2]]  

[[4],[3, 1],[2]], F=8, G=5, H=3
OPEN: [[4, 3, 1],[2],[]]  [[4, 3],[2, 1],[]]  [[4, 1],[3],[2]]  [[4],[3, 1],[2]]  
PRI: 7  7  8  8  
BACKLINKS: [[4, 3, 2, 1],[],[]]  [[4, 3, 2],[1],[]]  [[4, 3, 2],[],[1]]  [[4, 3],[2],[1]]  [[4, 3],[1],[2]]  [[4, 3, 1],[2],[]]  [[4, 3],[2, 1],[]]  [[4, 3, 1],[],[2]]  [[4, 3],[],[2, 1]]  [[4],[3],[2, 1]]  [[4, 1],[3],[2]]  [[4],[3, 1],[2]]  

[[4],[2, 1],[3]], F=7, G=4, H=3
OPEN: [[4, 1],[3],[2]]  [[4],[3, 1],[2]]  [[4],[2, 1],[3]]  
PRI: 8  8  7  
BACKLINKS: [[4, 3, 2, 1],[],[]]  [[4, 3, 2],[1],[]]  [[4, 3, 2],[],[1]]  [[4, 3],[2],[1]]  [[4, 3],[1],[2]]  [[4, 3, 1],[2],[]]  [[4, 3],[2, 1],[]]  [[4, 3, 1],[],[2]]  [[4, 3],[],[2, 1]]  [[4],[3],[2, 1]]  [[4, 1],[3],[2]]  [[4],[3, 1],[2]]  [[4],[2, 1],[3]]  

[[4, 1],[2],[3]], F=8, G=5, H=3
OPEN: [[4, 1],[3],[2]]  [[4],[3, 1],[2]]  [[4, 1],[2],[3]]  
PRI: 8  8  8  
BACKLINKS: [[4, 3, 2, 1],[],[]]  [[4, 3, 2],[1],[]]  [[4, 3, 2],[],[1]]  [[4, 3],[2],[1]]  [[4, 3],[1],[2]]  [[4, 3, 1],[2],[]]  [[4, 3],[2, 1],[]]  [[4, 3, 1],[],[2]]  [[4, 3],[],[2, 1]]  [[4],[3],[2, 1]]  [[4, 1],[3],[2]]  [[4],[3, 1],[2]]  [[4],[2, 1],[3]]  [[4, 1],[2],[3]]  

[[4],[2],[3, 1]], F=7, G=5, H=2
OPEN: [[4, 1],[3],[2]]  [[4],[3, 1],[2]]  [[4, 1],[2],[3]]  [[4],[2],[3, 1]]  
PRI: 8  8  8  7  
BACKLINKS: [[4, 3, 2, 1],[],[]]  [[4, 3, 2],[1],[]]  [[4, 3, 2],[],[1]]  [[4, 3],[2],[1]]  [[4, 3],[1],[2]]  [[4, 3, 1],[2],[]]  [[4, 3],[2, 1],[]]  [[4, 3, 1],[],[2]]  [[4, 3],[],[2, 1]]  [[4],[3],[2, 1]]  [[4, 1],[3],[2]]  [[4],[3, 1],[2]]  [[4],[2, 1],[3]]  [[4, 1],[2],[3]]  [[4],[2],[3, 1]]  

[[4, 2],[],[3, 1]], F=8, G=6, H=2
OPEN: [[4, 1],[3],[2]]  [[4],[3, 1],[2]]  [[4, 1],[2],[3]]  [[4, 2],[],[3, 1]]  
PRI: 8  8  8  8  
BACKLINKS: [[4, 3, 2, 1],[],[]]  [[4, 3, 2],[1],[]]  [[4, 3, 2],[],[1]]  [[4, 3],[2],[1]]  [[4, 3],[1],[2]]  [[4, 3, 1],[2],[]]  [[4, 3],[2, 1],[]]  [[4, 3, 1],[],[2]]  [[4, 3],[],[2, 1]]  [[4],[3],[2, 1]]  [[4, 1],[3],[2]]  [[4],[3, 1],[2]]  [[4],[2, 1],[3]]  [[4, 1],[2],[3]]  [[4],[2],[3, 1]]  [[4, 2],[],[3, 1]]  

[[4, 1],[3, 2],[]], F=10, G=6, H=4
OPEN: [[4],[3, 1],[2]]  [[4, 1],[2],[3]]  [[4, 2],[],[3, 1]]  [[4, 1],[3, 2],[]]  
PRI: 8  8  8  10  
BACKLINKS: [[4, 3, 2, 1],[],[]]  [[4, 3, 2],[1],[]]  [[4, 3, 2],[],[1]]  [[4, 3],[2],[1]]  [[4, 3],[1],[2]]  [[4, 3, 1],[2],[]]  [[4, 3],[2, 1],[]]  [[4, 3, 1],[],[2]]  [[4, 3],[],[2, 1]]  [[4],[3],[2, 1]]  [[4, 1],[3],[2]]  [[4],[3, 1],[2]]  [[4],[2, 1],[3]]  [[4, 1],[2],[3]]  [[4],[2],[3, 1]]  [[4, 2],[],[3, 1]]  [[4, 1],[3, 2],[]]  

[[4, 2],[3, 1],[]], F=10, G=6, H=4
OPEN: [[4, 1],[2],[3]]  [[4, 2],[],[3, 1]]  [[4, 1],[3, 2],[]]  [[4, 2],[3, 1],[]]  
PRI: 8  8  10  10  
BACKLINKS: [[4, 3, 2, 1],[],[]]  [[4, 3, 2],[1],[]]  [[4, 3, 2],[],[1]]  [[4, 3],[2],[1]]  [[4, 3],[1],[2]]  [[4, 3, 1],[2],[]]  [[4, 3],[2, 1],[]]  [[4, 3, 1],[],[2]]  [[4, 3],[],[2, 1]]  [[4],[3],[2, 1]]  [[4, 1],[3],[2]]  [[4],[3, 1],[2]]  [[4],[2, 1],[3]]  [[4, 1],[2],[3]]  [[4],[2],[3, 1]]  [[4, 2],[],[3, 1]]  [[4, 1],[3, 2],[]]  [[4, 2],[3, 1],[]]  

[[4, 1],[],[3, 2]], F=8, G=6, H=2
OPEN: [[4, 2],[],[3, 1]]  [[4, 1],[3, 2],[]]  [[4, 2],[3, 1],[]]  [[4, 1],[],[3, 2]]  
PRI: 8  10  10  8  
BACKLINKS: [[4, 3, 2, 1],[],[]]  [[4, 3, 2],[1],[]]  [[4, 3, 2],[],[1]]  [[4, 3],[2],[1]]  [[4, 3],[1],[2]]  [[4, 3, 1],[2],[]]  [[4, 3],[2, 1],[]]  [[4, 3, 1],[],[2]]  [[4, 3],[],[2, 1]]  [[4],[3],[2, 1]]  [[4, 1],[3],[2]]  [[4],[3, 1],[2]]  [[4],[2, 1],[3]]  [[4, 1],[2],[3]]  [[4],[2],[3, 1]]  [[4, 2],[],[3, 1]]  [[4, 1],[3, 2],[]]  [[4, 2],[3, 1],[]]  [[4, 1],[],[3, 2]]  

[[4, 2, 1],[],[3]], F=10, G=7, H=3
OPEN: [[4, 1],[3, 2],[]]  [[4, 2],[3, 1],[]]  [[4, 1],[],[3, 2]]  [[4, 2, 1],[],[3]]  
PRI: 10  10  8  10  
BACKLINKS: [[4, 3, 2, 1],[],[]]  [[4, 3, 2],[1],[]]  [[4, 3, 2],[],[1]]  [[4, 3],[2],[1]]  [[4, 3],[1],[2]]  [[4, 3, 1],[2],[]]  [[4, 3],[2, 1],[]]  [[4, 3, 1],[],[2]]  [[4, 3],[],[2, 1]]  [[4],[3],[2, 1]]  [[4, 1],[3],[2]]  [[4],[3, 1],[2]]  [[4],[2, 1],[3]]  [[4, 1],[2],[3]]  [[4],[2],[3, 1]]  [[4, 2],[],[3, 1]]  [[4, 1],[3, 2],[]]  [[4, 2],[3, 1],[]]  [[4, 1],[],[3, 2]]  [[4, 2, 1],[],[3]]  

[[4, 2],[1],[3]], F=10, G=7, H=3
OPEN: [[4, 1],[3, 2],[]]  [[4, 2],[3, 1],[]]  [[4, 1],[],[3, 2]]  [[4, 2, 1],[],[3]]  [[4, 2],[1],[3]]  
PRI: 10  10  8  10  10  
BACKLINKS: [[4, 3, 2, 1],[],[]]  [[4, 3, 2],[1],[]]  [[4, 3, 2],[],[1]]  [[4, 3],[2],[1]]  [[4, 3],[1],[2]]  [[4, 3, 1],[2],[]]  [[4, 3],[2, 1],[]]  [[4, 3, 1],[],[2]]  [[4, 3],[],[2, 1]]  [[4],[3],[2, 1]]  [[4, 1],[3],[2]]  [[4],[3, 1],[2]]  [[4],[2, 1],[3]]  [[4, 1],[2],[3]]  [[4],[2],[3, 1]]  [[4, 2],[],[3, 1]]  [[4, 1],[3, 2],[]]  [[4, 2],[3, 1],[]]  [[4, 1],[],[3, 2]]  [[4, 2, 1],[],[3]]  [[4, 2],[1],[3]]  

[[4],[1],[3, 2]], F=9, G=7, H=2
OPEN: [[4, 1],[3, 2],[]]  [[4, 2],[3, 1],[]]  [[4, 2, 1],[],[3]]  [[4, 2],[1],[3]]  [[4],[1],[3, 2]]  
PRI: 10  10  10  10  9  
BACKLINKS: [[4, 3, 2, 1],[],[]]  [[4, 3, 2],[1],[]]  [[4, 3, 2],[],[1]]  [[4, 3],[2],[1]]  [[4, 3],[1],[2]]  [[4, 3, 1],[2],[]]  [[4, 3],[2, 1],[]]  [[4, 3, 1],[],[2]]  [[4, 3],[],[2, 1]]  [[4],[3],[2, 1]]  [[4, 1],[3],[2]]  [[4],[3, 1],[2]]  [[4],[2, 1],[3]]  [[4, 1],[2],[3]]  [[4],[2],[3, 1]]  [[4, 2],[],[3, 1]]  [[4, 1],[3, 2],[]]  [[4, 2],[3, 1],[]]  [[4, 1],[],[3, 2]]  [[4, 2, 1],[],[3]]  [[4, 2],[1],[3]]  [[4],[1],[3, 2]]  

[[4],[],[3, 2, 1]], F=8, G=7, H=1
OPEN: [[4, 1],[3, 2],[]]  [[4, 2],[3, 1],[]]  [[4, 2, 1],[],[3]]  [[4, 2],[1],[3]]  [[4],[1],[3, 2]]  [[4],[],[3, 2, 1]]  
PRI: 10  10  10  10  9  8  
BACKLINKS: [[4, 3, 2, 1],[],[]]  [[4, 3, 2],[1],[]]  [[4, 3, 2],[],[1]]  [[4, 3],[2],[1]]  [[4, 3],[1],[2]]  [[4, 3, 1],[2],[]]  [[4, 3],[2, 1],[]]  [[4, 3, 1],[],[2]]  [[4, 3],[],[2, 1]]  [[4],[3],[2, 1]]  [[4, 1],[3],[2]]  [[4],[3, 1],[2]]  [[4],[2, 1],[3]]  [[4, 1],[2],[3]]  [[4],[2],[3, 1]]  [[4, 2],[],[3, 1]]  [[4, 1],[3, 2],[]]  [[4, 2],[3, 1],[]]  [[4, 1],[],[3, 2]]  [[4, 2, 1],[],[3]]  [[4, 2],[1],[3]]  [[4],[1],[3, 2]]  [[4],[],[3, 2, 1]]  

[[],[4],[3, 2, 1]], F=9, G=8, H=1
OPEN: [[4, 1],[3, 2],[]]  [[4, 2],[3, 1],[]]  [[4, 2, 1],[],[3]]  [[4, 2],[1],[3]]  [[4],[1],[3, 2]]  [[],[4],[3, 2, 1]]  
PRI: 10  10  10  10  9  9  
BACKLINKS: [[4, 3, 2, 1],[],[]]  [[4, 3, 2],[1],[]]  [[4, 3, 2],[],[1]]  [[4, 3],[2],[1]]  [[4, 3],[1],[2]]  [[4, 3, 1],[2],[]]  [[4, 3],[2, 1],[]]  [[4, 3, 1],[],[2]]  [[4, 3],[],[2, 1]]  [[4],[3],[2, 1]]  [[4, 1],[3],[2]]  [[4],[3, 1],[2]]  [[4],[2, 1],[3]]  [[4, 1],[2],[3]]  [[4],[2],[3, 1]]  [[4, 2],[],[3, 1]]  [[4, 1],[3, 2],[]]  [[4, 2],[3, 1],[]]  [[4, 1],[],[3, 2]]  [[4, 2, 1],[],[3]]  [[4, 2],[1],[3]]  [[4],[1],[3, 2]]  [[4],[],[3, 2, 1]]  [[],[4],[3, 2, 1]]  

[[1],[4],[3, 2]], F=11, G=9, H=2
OPEN: [[4, 1],[3, 2],[]]  [[4, 2],[3, 1],[]]  [[4, 2, 1],[],[3]]  [[4, 2],[1],[3]]  [[1],[4],[3, 2]]  
PRI: 10  10  10  10  11  
BACKLINKS: [[4, 3, 2, 1],[],[]]  [[4, 3, 2],[1],[]]  [[4, 3, 2],[],[1]]  [[4, 3],[2],[1]]  [[4, 3],[1],[2]]  [[4, 3, 1],[2],[]]  [[4, 3],[2, 1],[]]  [[4, 3, 1],[],[2]]  [[4, 3],[],[2, 1]]  [[4],[3],[2, 1]]  [[4, 1],[3],[2]]  [[4],[3, 1],[2]]  [[4],[2, 1],[3]]  [[4, 1],[2],[3]]  [[4],[2],[3, 1]]  [[4, 2],[],[3, 1]]  [[4, 1],[3, 2],[]]  [[4, 2],[3, 1],[]]  [[4, 1],[],[3, 2]]  [[4, 2, 1],[],[3]]  [[4, 2],[1],[3]]  [[4],[1],[3, 2]]  [[4],[],[3, 2, 1]]  [[],[4],[3, 2, 1]]  [[1],[4],[3, 2]]  

[[],[4, 1],[3, 2]], F=11, G=9, H=2
OPEN: [[4, 1],[3, 2],[]]  [[4, 2],[3, 1],[]]  [[4, 2, 1],[],[3]]  [[4, 2],[1],[3]]  [[1],[4],[3, 2]]  [[],[4, 1],[3, 2]]  
PRI: 10  10  10  10  11  11  
BACKLINKS: [[4, 3, 2, 1],[],[]]  [[4, 3, 2],[1],[]]  [[4, 3, 2],[],[1]]  [[4, 3],[2],[1]]  [[4, 3],[1],[2]]  [[4, 3, 1],[2],[]]  [[4, 3],[2, 1],[]]  [[4, 3, 1],[],[2]]  [[4, 3],[],[2, 1]]  [[4],[3],[2, 1]]  [[4, 1],[3],[2]]  [[4],[3, 1],[2]]  [[4],[2, 1],[3]]  [[4, 1],[2],[3]]  [[4],[2],[3, 1]]  [[4, 2],[],[3, 1]]  [[4, 1],[3, 2],[]]  [[4, 2],[3, 1],[]]  [[4, 1],[],[3, 2]]  [[4, 2, 1],[],[3]]  [[4, 2],[1],[3]]  [[4],[1],[3, 2]]  [[4],[],[3, 2, 1]]  [[],[4],[3, 2, 1]]  [[1],[4],[3, 2]]  [[],[4, 1],[3, 2]]  

[[4],[3, 2, 1],[]], F=11, G=7, H=4
OPEN: [[4, 2],[3, 1],[]]  [[4, 2, 1],[],[3]]  [[4, 2],[1],[3]]  [[1],[4],[3, 2]]  [[],[4, 1],[3, 2]]  [[4],[3, 2, 1],[]]  
PRI: 10  10  10  11  11  11  
BACKLINKS: [[4, 3, 2, 1],[],[]]  [[4, 3, 2],[1],[]]  [[4, 3, 2],[],[1]]  [[4, 3],[2],[1]]  [[4, 3],[1],[2]]  [[4, 3, 1],[2],[]]  [[4, 3],[2, 1],[]]  [[4, 3, 1],[],[2]]  [[4, 3],[],[2, 1]]  [[4],[3],[2, 1]]  [[4, 1],[3],[2]]  [[4],[3, 1],[2]]  [[4],[2, 1],[3]]  [[4, 1],[2],[3]]  [[4],[2],[3, 1]]  [[4, 2],[],[3, 1]]  [[4, 1],[3, 2],[]]  [[4, 2],[3, 1],[]]  [[4, 1],[],[3, 2]]  [[4, 2, 1],[],[3]]  [[4, 2],[1],[3]]  [[4],[1],[3, 2]]  [[4],[],[3, 2, 1]]  [[],[4],[3, 2, 1]]  [[1],[4],[3, 2]]  [[],[4, 1],[3, 2]]  [[4],[3, 2, 1],[]]  

[[4],[3, 2],[1]], F=10, G=7, H=3
OPEN: [[4, 2],[3, 1],[]]  [[4, 2, 1],[],[3]]  [[4, 2],[1],[3]]  [[1],[4],[3, 2]]  [[],[4, 1],[3, 2]]  [[4],[3, 2, 1],[]]  [[4],[3, 2],[1]]  
PRI: 10  10  10  11  11  11  10  
BACKLINKS: [[4, 3, 2, 1],[],[]]  [[4, 3, 2],[1],[]]  [[4, 3, 2],[],[1]]  [[4, 3],[2],[1]]  [[4, 3],[1],[2]]  [[4, 3, 1],[2],[]]  [[4, 3],[2, 1],[]]  [[4, 3, 1],[],[2]]  [[4, 3],[],[2, 1]]  [[4],[3],[2, 1]]  [[4, 1],[3],[2]]  [[4],[3, 1],[2]]  [[4],[2, 1],[3]]  [[4, 1],[2],[3]]  [[4],[2],[3, 1]]  [[4, 2],[],[3, 1]]  [[4, 1],[3, 2],[]]  [[4, 2],[3, 1],[]]  [[4, 1],[],[3, 2]]  [[4, 2, 1],[],[3]]  [[4, 2],[1],[3]]  [[4],[1],[3, 2]]  [[4],[],[3, 2, 1]]  [[],[4],[3, 2, 1]]  [[1],[4],[3, 2]]  [[],[4, 1],[3, 2]]  [[4],[3, 2, 1],[]]  [[4],[3, 2],[1]]  

[[4, 2, 1],[3],[]], F=11, G=7, H=4
OPEN: [[4, 2, 1],[],[3]]  [[4, 2],[1],[3]]  [[1],[4],[3, 2]]  [[],[4, 1],[3, 2]]  [[4],[3, 2, 1],[]]  [[4],[3, 2],[1]]  [[4, 2, 1],[3],[]]  
PRI: 10  10  11  11  11  10  11  
BACKLINKS: [[4, 3, 2, 1],[],[]]  [[4, 3, 2],[1],[]]  [[4, 3, 2],[],[1]]  [[4, 3],[2],[1]]  [[4, 3],[1],[2]]  [[4, 3, 1],[2],[]]  [[4, 3],[2, 1],[]]  [[4, 3, 1],[],[2]]  [[4, 3],[],[2, 1]]  [[4],[3],[2, 1]]  [[4, 1],[3],[2]]  [[4],[3, 1],[2]]  [[4],[2, 1],[3]]  [[4, 1],[2],[3]]  [[4],[2],[3, 1]]  [[4, 2],[],[3, 1]]  [[4, 1],[3, 2],[]]  [[4, 2],[3, 1],[]]  [[4, 1],[],[3, 2]]  [[4, 2, 1],[],[3]]  [[4, 2],[1],[3]]  [[4],[1],[3, 2]]  [[4],[],[3, 2, 1]]  [[],[4],[3, 2, 1]]  [[1],[4],[3, 2]]  [[],[4, 1],[3, 2]]  [[4],[3, 2, 1],[]]  [[4],[3, 2],[1]]  [[4, 2, 1],[3],[]]  

[[4, 2],[3],[1]], F=10, G=7, H=3
OPEN: [[4, 2, 1],[],[3]]  [[4, 2],[1],[3]]  [[1],[4],[3, 2]]  [[],[4, 1],[3, 2]]  [[4],[3, 2, 1],[]]  [[4],[3, 2],[1]]  [[4, 2, 1],[3],[]]  [[4, 2],[3],[1]]  
PRI: 10  10  11  11  11  10  11  10  
BACKLINKS: [[4, 3, 2, 1],[],[]]  [[4, 3, 2],[1],[]]  [[4, 3, 2],[],[1]]  [[4, 3],[2],[1]]  [[4, 3],[1],[2]]  [[4, 3, 1],[2],[]]  [[4, 3],[2, 1],[]]  [[4, 3, 1],[],[2]]  [[4, 3],[],[2, 1]]  [[4],[3],[2, 1]]  [[4, 1],[3],[2]]  [[4],[3, 1],[2]]  [[4],[2, 1],[3]]  [[4, 1],[2],[3]]  [[4],[2],[3, 1]]  [[4, 2],[],[3, 1]]  [[4, 1],[3, 2],[]]  [[4, 2],[3, 1],[]]  [[4, 1],[],[3, 2]]  [[4, 2, 1],[],[3]]  [[4, 2],[1],[3]]  [[4],[1],[3, 2]]  [[4],[],[3, 2, 1]]  [[],[4],[3, 2, 1]]  [[1],[4],[3, 2]]  [[],[4, 1],[3, 2]]  [[4],[3, 2, 1],[]]  [[4],[3, 2],[1]]  [[4, 2, 1],[3],[]]  [[4, 2],[3],[1]]  

[[1],[4, 2],[3]], F=13, G=10, H=3
OPEN: [[],[4, 1],[3, 2]]  [[4],[3, 2, 1],[]]  [[4, 2, 1],[3],[]]  [[1],[4, 2],[3]]  
PRI: 11  11  11  13  
BACKLINKS: [[4, 3, 2, 1],[],[]]  [[4, 3, 2],[1],[]]  [[4, 3, 2],[],[1]]  [[4, 3],[2],[1]]  [[4, 3],[1],[2]]  [[4, 3, 1],[2],[]]  [[4, 3],[2, 1],[]]  [[4, 3, 1],[],[2]]  [[4, 3],[],[2, 1]]  [[4],[3],[2, 1]]  [[4, 1],[3],[2]]  [[4],[3, 1],[2]]  [[4],[2, 1],[3]]  [[4, 1],[2],[3]]  [[4],[2],[3, 1]]  [[4, 2],[],[3, 1]]  [[4, 1],[3, 2],[]]  [[4, 2],[3, 1],[]]  [[4, 1],[],[3, 2]]  [[4, 2, 1],[],[3]]  [[4, 2],[1],[3]]  [[4],[1],[3, 2]]  [[4],[],[3, 2, 1]]  [[],[4],[3, 2, 1]]  [[1],[4],[3, 2]]  [[],[4, 1],[3, 2]]  [[4],[3, 2, 1],[]]  [[4],[3, 2],[1]]  [[4, 2, 1],[3],[]]  [[4, 2],[3],[1]]  [[1],[4, 2],[3]]  

[[2],[4, 1],[3]], F=13, G=10, H=3
OPEN: [[4],[3, 2, 1],[]]  [[4, 2, 1],[3],[]]  [[1],[4, 2],[3]]  [[2],[4, 1],[3]]  
PRI: 11  11  13  13  
BACKLINKS: [[4, 3, 2, 1],[],[]]  [[4, 3, 2],[1],[]]  [[4, 3, 2],[],[1]]  [[4, 3],[2],[1]]  [[4, 3],[1],[2]]  [[4, 3, 1],[2],[]]  [[4, 3],[2, 1],[]]  [[4, 3, 1],[],[2]]  [[4, 3],[],[2, 1]]  [[4],[3],[2, 1]]  [[4, 1],[3],[2]]  [[4],[3, 1],[2]]  [[4],[2, 1],[3]]  [[4, 1],[2],[3]]  [[4],[2],[3, 1]]  [[4, 2],[],[3, 1]]  [[4, 1],[3, 2],[]]  [[4, 2],[3, 1],[]]  [[4, 1],[],[3, 2]]  [[4, 2, 1],[],[3]]  [[4, 2],[1],[3]]  [[4],[1],[3, 2]]  [[4],[],[3, 2, 1]]  [[],[4],[3, 2, 1]]  [[1],[4],[3, 2]]  [[],[4, 1],[3, 2]]  [[4],[3, 2, 1],[]]  [[4],[3, 2],[1]]  [[4, 2, 1],[3],[]]  [[4, 2],[3],[1]]  [[1],[4, 2],[3]]  [[2],[4, 1],[3]]  

[[],[3, 2, 1],[4]], F=11, G=8, H=3
OPEN: [[4, 2, 1],[3],[]]  [[1],[4, 2],[3]]  [[2],[4, 1],[3]]  [[],[3, 2, 1],[4]]  
PRI: 11  13  13  11  
BACKLINKS: [[4, 3, 2, 1],[],[]]  [[4, 3, 2],[1],[]]  [[4, 3, 2],[],[1]]  [[4, 3],[2],[1]]  [[4, 3],[1],[2]]  [[4, 3, 1],[2],[]]  [[4, 3],[2, 1],[]]  [[4, 3, 1],[],[2]]  [[4, 3],[],[2, 1]]  [[4],[3],[2, 1]]  [[4, 1],[3],[2]]  [[4],[3, 1],[2]]  [[4],[2, 1],[3]]  [[4, 1],[2],[3]]  [[4],[2],[3, 1]]  [[4, 2],[],[3, 1]]  [[4, 1],[3, 2],[]]  [[4, 2],[3, 1],[]]  [[4, 1],[],[3, 2]]  [[4, 2, 1],[],[3]]  [[4, 2],[1],[3]]  [[4],[1],[3, 2]]  [[4],[],[3, 2, 1]]  [[],[4],[3, 2, 1]]  [[1],[4],[3, 2]]  [[],[4, 1],[3, 2]]  [[4],[3, 2, 1],[]]  [[4],[3, 2],[1]]  [[4, 2, 1],[3],[]]  [[4, 2],[3],[1]]  [[1],[4, 2],[3]]  [[2],[4, 1],[3]]  [[],[3, 2, 1],[4]]  

[[1],[3, 2],[4]], F=12, G=9, H=3
OPEN: [[1],[4, 2],[3]]  [[2],[4, 1],[3]]  [[1],[3, 2],[4]]  
PRI: 13  13  12  
BACKLINKS: [[4, 3, 2, 1],[],[]]  [[4, 3, 2],[1],[]]  [[4, 3, 2],[],[1]]  [[4, 3],[2],[1]]  [[4, 3],[1],[2]]  [[4, 3, 1],[2],[]]  [[4, 3],[2, 1],[]]  [[4, 3, 1],[],[2]]  [[4, 3],[],[2, 1]]  [[4],[3],[2, 1]]  [[4, 1],[3],[2]]  [[4],[3, 1],[2]]  [[4],[2, 1],[3]]  [[4, 1],[2],[3]]  [[4],[2],[3, 1]]  [[4, 2],[],[3, 1]]  [[4, 1],[3, 2],[]]  [[4, 2],[3, 1],[]]  [[4, 1],[],[3, 2]]  [[4, 2, 1],[],[3]]  [[4, 2],[1],[3]]  [[4],[1],[3, 2]]  [[4],[],[3, 2, 1]]  [[],[4],[3, 2, 1]]  [[1],[4],[3, 2]]  [[],[4, 1],[3, 2]]  [[4],[3, 2, 1],[]]  [[4],[3, 2],[1]]  [[4, 2, 1],[3],[]]  [[4, 2],[3],[1]]  [[1],[4, 2],[3]]  [[2],[4, 1],[3]]  [[],[3, 2, 1],[4]]  [[1],[3, 2],[4]]  

[[],[3, 2],[4, 1]], F=11, G=9, H=2
OPEN: [[1],[4, 2],[3]]  [[2],[4, 1],[3]]  [[1],[3, 2],[4]]  [[],[3, 2],[4, 1]]  
PRI: 13  13  12  11  
BACKLINKS: [[4, 3, 2, 1],[],[]]  [[4, 3, 2],[1],[]]  [[4, 3, 2],[],[1]]  [[4, 3],[2],[1]]  [[4, 3],[1],[2]]  [[4, 3, 1],[2],[]]  [[4, 3],[2, 1],[]]  [[4, 3, 1],[],[2]]  [[4, 3],[],[2, 1]]  [[4],[3],[2, 1]]  [[4, 1],[3],[2]]  [[4],[3, 1],[2]]  [[4],[2, 1],[3]]  [[4, 1],[2],[3]]  [[4],[2],[3, 1]]  [[4, 2],[],[3, 1]]  [[4, 1],[3, 2],[]]  [[4, 2],[3, 1],[]]  [[4, 1],[],[3, 2]]  [[4, 2, 1],[],[3]]  [[4, 2],[1],[3]]  [[4],[1],[3, 2]]  [[4],[],[3, 2, 1]]  [[],[4],[3, 2, 1]]  [[1],[4],[3, 2]]  [[],[4, 1],[3, 2]]  [[4],[3, 2, 1],[]]  [[4],[3, 2],[1]]  [[4, 2, 1],[3],[]]  [[4, 2],[3],[1]]  [[1],[4, 2],[3]]  [[2],[4, 1],[3]]  [[],[3, 2, 1],[4]]  [[1],[3, 2],[4]]  [[],[3, 2],[4, 1]]  

[[2],[3],[4, 1]], F=12, G=10, H=2
OPEN: [[1],[4, 2],[3]]  [[2],[4, 1],[3]]  [[1],[3, 2],[4]]  [[2],[3],[4, 1]]  
PRI: 13  13  12  12  
BACKLINKS: [[4, 3, 2, 1],[],[]]  [[4, 3, 2],[1],[]]  [[4, 3, 2],[],[1]]  [[4, 3],[2],[1]]  [[4, 3],[1],[2]]  [[4, 3, 1],[2],[]]  [[4, 3],[2, 1],[]]  [[4, 3, 1],[],[2]]  [[4, 3],[],[2, 1]]  [[4],[3],[2, 1]]  [[4, 1],[3],[2]]  [[4],[3, 1],[2]]  [[4],[2, 1],[3]]  [[4, 1],[2],[3]]  [[4],[2],[3, 1]]  [[4, 2],[],[3, 1]]  [[4, 1],[3, 2],[]]  [[4, 2],[3, 1],[]]  [[4, 1],[],[3, 2]]  [[4, 2, 1],[],[3]]  [[4, 2],[1],[3]]  [[4],[1],[3, 2]]  [[4],[],[3, 2, 1]]  [[],[4],[3, 2, 1]]  [[1],[4],[3, 2]]  [[],[4, 1],[3, 2]]  [[4],[3, 2, 1],[]]  [[4],[3, 2],[1]]  [[4, 2, 1],[3],[]]  [[4, 2],[3],[1]]  [[1],[4, 2],[3]]  [[2],[4, 1],[3]]  [[],[3, 2, 1],[4]]  [[1],[3, 2],[4]]  [[],[3, 2],[4, 1]]  [[2],[3],[4, 1]]  

[[1],[3],[4, 2]], F=12, G=10, H=2
OPEN: [[1],[4, 2],[3]]  [[2],[4, 1],[3]]  [[2],[3],[4, 1]]  [[1],[3],[4, 2]]  
PRI: 13  13  12  12  
BACKLINKS: [[4, 3, 2, 1],[],[]]  [[4, 3, 2],[1],[]]  [[4, 3, 2],[],[1]]  [[4, 3],[2],[1]]  [[4, 3],[1],[2]]  [[4, 3, 1],[2],[]]  [[4, 3],[2, 1],[]]  [[4, 3, 1],[],[2]]  [[4, 3],[],[2, 1]]  [[4],[3],[2, 1]]  [[4, 1],[3],[2]]  [[4],[3, 1],[2]]  [[4],[2, 1],[3]]  [[4, 1],[2],[3]]  [[4],[2],[3, 1]]  [[4, 2],[],[3, 1]]  [[4, 1],[3, 2],[]]  [[4, 2],[3, 1],[]]  [[4, 1],[],[3, 2]]  [[4, 2, 1],[],[3]]  [[4, 2],[1],[3]]  [[4],[1],[3, 2]]  [[4],[],[3, 2, 1]]  [[],[4],[3, 2, 1]]  [[1],[4],[3, 2]]  [[],[4, 1],[3, 2]]  [[4],[3, 2, 1],[]]  [[4],[3, 2],[1]]  [[4, 2, 1],[3],[]]  [[4, 2],[3],[1]]  [[1],[4, 2],[3]]  [[2],[4, 1],[3]]  [[],[3, 2, 1],[4]]  [[1],[3, 2],[4]]  [[],[3, 2],[4, 1]]  [[2],[3],[4, 1]]  [[1],[3],[4, 2]]  

[[2, 1],[3],[4]], F=14, G=11, H=3
OPEN: [[1],[4, 2],[3]]  [[2],[4, 1],[3]]  [[1],[3],[4, 2]]  [[2, 1],[3],[4]]  
PRI: 13  13  12  14  
BACKLINKS: [[4, 3, 2, 1],[],[]]  [[4, 3, 2],[1],[]]  [[4, 3, 2],[],[1]]  [[4, 3],[2],[1]]  [[4, 3],[1],[2]]  [[4, 3, 1],[2],[]]  [[4, 3],[2, 1],[]]  [[4, 3, 1],[],[2]]  [[4, 3],[],[2, 1]]  [[4],[3],[2, 1]]  [[4, 1],[3],[2]]  [[4],[3, 1],[2]]  [[4],[2, 1],[3]]  [[4, 1],[2],[3]]  [[4],[2],[3, 1]]  [[4, 2],[],[3, 1]]  [[4, 1],[3, 2],[]]  [[4, 2],[3, 1],[]]  [[4, 1],[],[3, 2]]  [[4, 2, 1],[],[3]]  [[4, 2],[1],[3]]  [[4],[1],[3, 2]]  [[4],[],[3, 2, 1]]  [[],[4],[3, 2, 1]]  [[1],[4],[3, 2]]  [[],[4, 1],[3, 2]]  [[4],[3, 2, 1],[]]  [[4],[3, 2],[1]]  [[4, 2, 1],[3],[]]  [[4, 2],[3],[1]]  [[1],[4, 2],[3]]  [[2],[4, 1],[3]]  [[],[3, 2, 1],[4]]  [[1],[3, 2],[4]]  [[],[3, 2],[4, 1]]  [[2],[3],[4, 1]]  [[1],[3],[4, 2]]  [[2, 1],[3],[4]]  

[[2],[3, 1],[4]], F=14, G=11, H=3
OPEN: [[1],[4, 2],[3]]  [[2],[4, 1],[3]]  [[1],[3],[4, 2]]  [[2, 1],[3],[4]]  [[2],[3, 1],[4]]  
PRI: 13  13  12  14  14  
BACKLINKS: [[4, 3, 2, 1],[],[]]  [[4, 3, 2],[1],[]]  [[4, 3, 2],[],[1]]  [[4, 3],[2],[1]]  [[4, 3],[1],[2]]  [[4, 3, 1],[2],[]]  [[4, 3],[2, 1],[]]  [[4, 3, 1],[],[2]]  [[4, 3],[],[2, 1]]  [[4],[3],[2, 1]]  [[4, 1],[3],[2]]  [[4],[3, 1],[2]]  [[4],[2, 1],[3]]  [[4, 1],[2],[3]]  [[4],[2],[3, 1]]  [[4, 2],[],[3, 1]]  [[4, 1],[3, 2],[]]  [[4, 2],[3, 1],[]]  [[4, 1],[],[3, 2]]  [[4, 2, 1],[],[3]]  [[4, 2],[1],[3]]  [[4],[1],[3, 2]]  [[4],[],[3, 2, 1]]  [[],[4],[3, 2, 1]]  [[1],[4],[3, 2]]  [[],[4, 1],[3, 2]]  [[4],[3, 2, 1],[]]  [[4],[3, 2],[1]]  [[4, 2, 1],[3],[]]  [[4, 2],[3],[1]]  [[1],[4, 2],[3]]  [[2],[4, 1],[3]]  [[],[3, 2, 1],[4]]  [[1],[3, 2],[4]]  [[],[3, 2],[4, 1]]  [[2],[3],[4, 1]]  [[1],[3],[4, 2]]  [[2, 1],[3],[4]]  [[2],[3, 1],[4]]  

[[],[3, 1],[4, 2]], F=13, G=11, H=2
OPEN: [[1],[4, 2],[3]]  [[2],[4, 1],[3]]  [[2, 1],[3],[4]]  [[2],[3, 1],[4]]  [[],[3, 1],[4, 2]]  
PRI: 13  13  14  14  13  
BACKLINKS: [[4, 3, 2, 1],[],[]]  [[4, 3, 2],[1],[]]  [[4, 3, 2],[],[1]]  [[4, 3],[2],[1]]  [[4, 3],[1],[2]]  [[4, 3, 1],[2],[]]  [[4, 3],[2, 1],[]]  [[4, 3, 1],[],[2]]  [[4, 3],[],[2, 1]]  [[4],[3],[2, 1]]  [[4, 1],[3],[2]]  [[4],[3, 1],[2]]  [[4],[2, 1],[3]]  [[4, 1],[2],[3]]  [[4],[2],[3, 1]]  [[4, 2],[],[3, 1]]  [[4, 1],[3, 2],[]]  [[4, 2],[3, 1],[]]  [[4, 1],[],[3, 2]]  [[4, 2, 1],[],[3]]  [[4, 2],[1],[3]]  [[4],[1],[3, 2]]  [[4],[],[3, 2, 1]]  [[],[4],[3, 2, 1]]  [[1],[4],[3, 2]]  [[],[4, 1],[3, 2]]  [[4],[3, 2, 1],[]]  [[4],[3, 2],[1]]  [[4, 2, 1],[3],[]]  [[4, 2],[3],[1]]  [[1],[4, 2],[3]]  [[2],[4, 1],[3]]  [[],[3, 2, 1],[4]]  [[1],[3, 2],[4]]  [[],[3, 2],[4, 1]]  [[2],[3],[4, 1]]  [[1],[3],[4, 2]]  [[2, 1],[3],[4]]  [[2],[3, 1],[4]]  [[],[3, 1],[4, 2]]  

[[],[3],[4, 2, 1]], F=12, G=11, H=1
OPEN: [[1],[4, 2],[3]]  [[2],[4, 1],[3]]  [[2, 1],[3],[4]]  [[2],[3, 1],[4]]  [[],[3, 1],[4, 2]]  [[],[3],[4, 2, 1]]  
PRI: 13  13  14  14  13  12  
BACKLINKS: [[4, 3, 2, 1],[],[]]  [[4, 3, 2],[1],[]]  [[4, 3, 2],[],[1]]  [[4, 3],[2],[1]]  [[4, 3],[1],[2]]  [[4, 3, 1],[2],[]]  [[4, 3],[2, 1],[]]  [[4, 3, 1],[],[2]]  [[4, 3],[],[2, 1]]  [[4],[3],[2, 1]]  [[4, 1],[3],[2]]  [[4],[3, 1],[2]]  [[4],[2, 1],[3]]  [[4, 1],[2],[3]]  [[4],[2],[3, 1]]  [[4, 2],[],[3, 1]]  [[4, 1],[3, 2],[]]  [[4, 2],[3, 1],[]]  [[4, 1],[],[3, 2]]  [[4, 2, 1],[],[3]]  [[4, 2],[1],[3]]  [[4],[1],[3, 2]]  [[4],[],[3, 2, 1]]  [[],[4],[3, 2, 1]]  [[1],[4],[3, 2]]  [[],[4, 1],[3, 2]]  [[4],[3, 2, 1],[]]  [[4],[3, 2],[1]]  [[4, 2, 1],[3],[]]  [[4, 2],[3],[1]]  [[1],[4, 2],[3]]  [[2],[4, 1],[3]]  [[],[3, 2, 1],[4]]  [[1],[3, 2],[4]]  [[],[3, 2],[4, 1]]  [[2],[3],[4, 1]]  [[1],[3],[4, 2]]  [[2, 1],[3],[4]]  [[2],[3, 1],[4]]  [[],[3, 1],[4, 2]]  [[],[3],[4, 2, 1]]  

[[3],[],[4, 2, 1]], F=13, G=12, H=1
OPEN: [[1],[4, 2],[3]]  [[2],[4, 1],[3]]  [[2, 1],[3],[4]]  [[2],[3, 1],[4]]  [[],[3, 1],[4, 2]]  [[3],[],[4, 2, 1]]  
PRI: 13  13  14  14  13  13  
BACKLINKS: [[4, 3, 2, 1],[],[]]  [[4, 3, 2],[1],[]]  [[4, 3, 2],[],[1]]  [[4, 3],[2],[1]]  [[4, 3],[1],[2]]  [[4, 3, 1],[2],[]]  [[4, 3],[2, 1],[]]  [[4, 3, 1],[],[2]]  [[4, 3],[],[2, 1]]  [[4],[3],[2, 1]]  [[4, 1],[3],[2]]  [[4],[3, 1],[2]]  [[4],[2, 1],[3]]  [[4, 1],[2],[3]]  [[4],[2],[3, 1]]  [[4, 2],[],[3, 1]]  [[4, 1],[3, 2],[]]  [[4, 2],[3, 1],[]]  [[4, 1],[],[3, 2]]  [[4, 2, 1],[],[3]]  [[4, 2],[1],[3]]  [[4],[1],[3, 2]]  [[4],[],[3, 2, 1]]  [[],[4],[3, 2, 1]]  [[1],[4],[3, 2]]  [[],[4, 1],[3, 2]]  [[4],[3, 2, 1],[]]  [[4],[3, 2],[1]]  [[4, 2, 1],[3],[]]  [[4, 2],[3],[1]]  [[1],[4, 2],[3]]  [[2],[4, 1],[3]]  [[],[3, 2, 1],[4]]  [[1],[3, 2],[4]]  [[],[3, 2],[4, 1]]  [[2],[3],[4, 1]]  [[1],[3],[4, 2]]  [[2, 1],[3],[4]]  [[2],[3, 1],[4]]  [[],[3, 1],[4, 2]]  [[],[3],[4, 2, 1]]  [[3],[],[4, 2, 1]]  

[[],[4, 2, 1],[3]], F=14, G=11, H=3
OPEN: [[2],[4, 1],[3]]  [[2, 1],[3],[4]]  [[2],[3, 1],[4]]  [[],[3, 1],[4, 2]]  [[3],[],[4, 2, 1]]  [[],[4, 2, 1],[3]]  
PRI: 13  14  14  13  13  14  
BACKLINKS: [[4, 3, 2, 1],[],[]]  [[4, 3, 2],[1],[]]  [[4, 3, 2],[],[1]]  [[4, 3],[2],[1]]  [[4, 3],[1],[2]]  [[4, 3, 1],[2],[]]  [[4, 3],[2, 1],[]]  [[4, 3, 1],[],[2]]  [[4, 3],[],[2, 1]]  [[4],[3],[2, 1]]  [[4, 1],[3],[2]]  [[4],[3, 1],[2]]  [[4],[2, 1],[3]]  [[4, 1],[2],[3]]  [[4],[2],[3, 1]]  [[4, 2],[],[3, 1]]  [[4, 1],[3, 2],[]]  [[4, 2],[3, 1],[]]  [[4, 1],[],[3, 2]]  [[4, 2, 1],[],[3]]  [[4, 2],[1],[3]]  [[4],[1],[3, 2]]  [[4],[],[3, 2, 1]]  [[],[4],[3, 2, 1]]  [[1],[4],[3, 2]]  [[],[4, 1],[3, 2]]  [[4],[3, 2, 1],[]]  [[4],[3, 2],[1]]  [[4, 2, 1],[3],[]]  [[4, 2],[3],[1]]  [[1],[4, 2],[3]]  [[2],[4, 1],[3]]  [[],[3, 2, 1],[4]]  [[1],[3, 2],[4]]  [[],[3, 2],[4, 1]]  [[2],[3],[4, 1]]  [[1],[3],[4, 2]]  [[2, 1],[3],[4]]  [[2],[3, 1],[4]]  [[],[3, 1],[4, 2]]  [[],[3],[4, 2, 1]]  [[3],[],[4, 2, 1]]  [[],[4, 2, 1],[3]]  

[[],[4, 2],[3, 1]], F=13, G=11, H=2
OPEN: [[2],[4, 1],[3]]  [[2, 1],[3],[4]]  [[2],[3, 1],[4]]  [[],[3, 1],[4, 2]]  [[3],[],[4, 2, 1]]  [[],[4, 2, 1],[3]]  [[],[4, 2],[3, 1]]  
PRI: 13  14  14  13  13  14  13  
BACKLINKS: [[4, 3, 2, 1],[],[]]  [[4, 3, 2],[1],[]]  [[4, 3, 2],[],[1]]  [[4, 3],[2],[1]]  [[4, 3],[1],[2]]  [[4, 3, 1],[2],[]]  [[4, 3],[2, 1],[]]  [[4, 3, 1],[],[2]]  [[4, 3],[],[2, 1]]  [[4],[3],[2, 1]]  [[4, 1],[3],[2]]  [[4],[3, 1],[2]]  [[4],[2, 1],[3]]  [[4, 1],[2],[3]]  [[4],[2],[3, 1]]  [[4, 2],[],[3, 1]]  [[4, 1],[3, 2],[]]  [[4, 2],[3, 1],[]]  [[4, 1],[],[3, 2]]  [[4, 2, 1],[],[3]]  [[4, 2],[1],[3]]  [[4],[1],[3, 2]]  [[4],[],[3, 2, 1]]  [[],[4],[3, 2, 1]]  [[1],[4],[3, 2]]  [[],[4, 1],[3, 2]]  [[4],[3, 2, 1],[]]  [[4],[3, 2],[1]]  [[4, 2, 1],[3],[]]  [[4, 2],[3],[1]]  [[1],[4, 2],[3]]  [[2],[4, 1],[3]]  [[],[3, 2, 1],[4]]  [[1],[3, 2],[4]]  [[],[3, 2],[4, 1]]  [[2],[3],[4, 1]]  [[1],[3],[4, 2]]  [[2, 1],[3],[4]]  [[2],[3, 1],[4]]  [[],[3, 1],[4, 2]]  [[],[3],[4, 2, 1]]  [[3],[],[4, 2, 1]]  [[],[4, 2, 1],[3]]  [[],[4, 2],[3, 1]]  

[[2, 1],[4],[3]], F=14, G=11, H=3
OPEN: [[2, 1],[3],[4]]  [[2],[3, 1],[4]]  [[],[3, 1],[4, 2]]  [[3],[],[4, 2, 1]]  [[],[4, 2, 1],[3]]  [[],[4, 2],[3, 1]]  [[2, 1],[4],[3]]  
PRI: 14  14  13  13  14  13  14  
BACKLINKS: [[4, 3, 2, 1],[],[]]  [[4, 3, 2],[1],[]]  [[4, 3, 2],[],[1]]  [[4, 3],[2],[1]]  [[4, 3],[1],[2]]  [[4, 3, 1],[2],[]]  [[4, 3],[2, 1],[]]  [[4, 3, 1],[],[2]]  [[4, 3],[],[2, 1]]  [[4],[3],[2, 1]]  [[4, 1],[3],[2]]  [[4],[3, 1],[2]]  [[4],[2, 1],[3]]  [[4, 1],[2],[3]]  [[4],[2],[3, 1]]  [[4, 2],[],[3, 1]]  [[4, 1],[3, 2],[]]  [[4, 2],[3, 1],[]]  [[4, 1],[],[3, 2]]  [[4, 2, 1],[],[3]]  [[4, 2],[1],[3]]  [[4],[1],[3, 2]]  [[4],[],[3, 2, 1]]  [[],[4],[3, 2, 1]]  [[1],[4],[3, 2]]  [[],[4, 1],[3, 2]]  [[4],[3, 2, 1],[]]  [[4],[3, 2],[1]]  [[4, 2, 1],[3],[]]  [[4, 2],[3],[1]]  [[1],[4, 2],[3]]  [[2],[4, 1],[3]]  [[],[3, 2, 1],[4]]  [[1],[3, 2],[4]]  [[],[3, 2],[4, 1]]  [[2],[3],[4, 1]]  [[1],[3],[4, 2]]  [[2, 1],[3],[4]]  [[2],[3, 1],[4]]  [[],[3, 1],[4, 2]]  [[],[3],[4, 2, 1]]  [[3],[],[4, 2, 1]]  [[],[4, 2, 1],[3]]  [[],[4, 2],[3, 1]]  [[2, 1],[4],[3]]  

[[2],[4],[3, 1]], F=13, G=11, H=2
OPEN: [[2, 1],[3],[4]]  [[2],[3, 1],[4]]  [[],[3, 1],[4, 2]]  [[3],[],[4, 2, 1]]  [[],[4, 2, 1],[3]]  [[],[4, 2],[3, 1]]  [[2, 1],[4],[3]]  [[2],[4],[3, 1]]  
PRI: 14  14  13  13  14  13  14  13  
BACKLINKS: [[4, 3, 2, 1],[],[]]  [[4, 3, 2],[1],[]]  [[4, 3, 2],[],[1]]  [[4, 3],[2],[1]]  [[4, 3],[1],[2]]  [[4, 3, 1],[2],[]]  [[4, 3],[2, 1],[]]  [[4, 3, 1],[],[2]]  [[4, 3],[],[2, 1]]  [[4],[3],[2, 1]]  [[4, 1],[3],[2]]  [[4],[3, 1],[2]]  [[4],[2, 1],[3]]  [[4, 1],[2],[3]]  [[4],[2],[3, 1]]  [[4, 2],[],[3, 1]]  [[4, 1],[3, 2],[]]  [[4, 2],[3, 1],[]]  [[4, 1],[],[3, 2]]  [[4, 2, 1],[],[3]]  [[4, 2],[1],[3]]  [[4],[1],[3, 2]]  [[4],[],[3, 2, 1]]  [[],[4],[3, 2, 1]]  [[1],[4],[3, 2]]  [[],[4, 1],[3, 2]]  [[4],[3, 2, 1],[]]  [[4],[3, 2],[1]]  [[4, 2, 1],[3],[]]  [[4, 2],[3],[1]]  [[1],[4, 2],[3]]  [[2],[4, 1],[3]]  [[],[3, 2, 1],[4]]  [[1],[3, 2],[4]]  [[],[3, 2],[4, 1]]  [[2],[3],[4, 1]]  [[1],[3],[4, 2]]  [[2, 1],[3],[4]]  [[2],[3, 1],[4]]  [[],[3, 1],[4, 2]]  [[],[3],[4, 2, 1]]  [[3],[],[4, 2, 1]]  [[],[4, 2, 1],[3]]  [[],[4, 2],[3, 1]]  [[2, 1],[4],[3]]  [[2],[4],[3, 1]]  

[[3, 1],[],[4, 2]], F=15, G=13, H=2
OPEN: [[2, 1],[3],[4]]  [[2],[3, 1],[4]]  [[],[4, 2, 1],[3]]  [[],[4, 2],[3, 1]]  [[2, 1],[4],[3]]  [[2],[4],[3, 1]]  [[3, 1],[],[4, 2]]  
PRI: 14  14  14  13  14  13  15  
BACKLINKS: [[4, 3, 2, 1],[],[]]  [[4, 3, 2],[1],[]]  [[4, 3, 2],[],[1]]  [[4, 3],[2],[1]]  [[4, 3],[1],[2]]  [[4, 3, 1],[2],[]]  [[4, 3],[2, 1],[]]  [[4, 3, 1],[],[2]]  [[4, 3],[],[2, 1]]  [[4],[3],[2, 1]]  [[4, 1],[3],[2]]  [[4],[3, 1],[2]]  [[4],[2, 1],[3]]  [[4, 1],[2],[3]]  [[4],[2],[3, 1]]  [[4, 2],[],[3, 1]]  [[4, 1],[3, 2],[]]  [[4, 2],[3, 1],[]]  [[4, 1],[],[3, 2]]  [[4, 2, 1],[],[3]]  [[4, 2],[1],[3]]  [[4],[1],[3, 2]]  [[4],[],[3, 2, 1]]  [[],[4],[3, 2, 1]]  [[1],[4],[3, 2]]  [[],[4, 1],[3, 2]]  [[4],[3, 2, 1],[]]  [[4],[3, 2],[1]]  [[4, 2, 1],[3],[]]  [[4, 2],[3],[1]]  [[1],[4, 2],[3]]  [[2],[4, 1],[3]]  [[],[3, 2, 1],[4]]  [[1],[3, 2],[4]]  [[],[3, 2],[4, 1]]  [[2],[3],[4, 1]]  [[1],[3],[4, 2]]  [[2, 1],[3],[4]]  [[2],[3, 1],[4]]  [[],[3, 1],[4, 2]]  [[],[3],[4, 2, 1]]  [[3],[],[4, 2, 1]]  [[],[4, 2, 1],[3]]  [[],[4, 2],[3, 1]]  [[2, 1],[4],[3]]  [[2],[4],[3, 1]]  [[3, 1],[],[4, 2]]  

[[3],[1],[4, 2]], F=15, G=13, H=2
OPEN: [[2, 1],[3],[4]]  [[2],[3, 1],[4]]  [[],[4, 2, 1],[3]]  [[],[4, 2],[3, 1]]  [[2, 1],[4],[3]]  [[2],[4],[3, 1]]  [[3, 1],[],[4, 2]]  [[3],[1],[4, 2]]  
PRI: 14  14  14  13  14  13  15  15  
BACKLINKS: [[4, 3, 2, 1],[],[]]  [[4, 3, 2],[1],[]]  [[4, 3, 2],[],[1]]  [[4, 3],[2],[1]]  [[4, 3],[1],[2]]  [[4, 3, 1],[2],[]]  [[4, 3],[2, 1],[]]  [[4, 3, 1],[],[2]]  [[4, 3],[],[2, 1]]  [[4],[3],[2, 1]]  [[4, 1],[3],[2]]  [[4],[3, 1],[2]]  [[4],[2, 1],[3]]  [[4, 1],[2],[3]]  [[4],[2],[3, 1]]  [[4, 2],[],[3, 1]]  [[4, 1],[3, 2],[]]  [[4, 2],[3, 1],[]]  [[4, 1],[],[3, 2]]  [[4, 2, 1],[],[3]]  [[4, 2],[1],[3]]  [[4],[1],[3, 2]]  [[4],[],[3, 2, 1]]  [[],[4],[3, 2, 1]]  [[1],[4],[3, 2]]  [[],[4, 1],[3, 2]]  [[4],[3, 2, 1],[]]  [[4],[3, 2],[1]]  [[4, 2, 1],[3],[]]  [[4, 2],[3],[1]]  [[1],[4, 2],[3]]  [[2],[4, 1],[3]]  [[],[3, 2, 1],[4]]  [[1],[3, 2],[4]]  [[],[3, 2],[4, 1]]  [[2],[3],[4, 1]]  [[1],[3],[4, 2]]  [[2, 1],[3],[4]]  [[2],[3, 1],[4]]  [[],[3, 1],[4, 2]]  [[],[3],[4, 2, 1]]  [[3],[],[4, 2, 1]]  [[],[4, 2, 1],[3]]  [[],[4, 2],[3, 1]]  [[2, 1],[4],[3]]  [[2],[4],[3, 1]]  [[3, 1],[],[4, 2]]  [[3],[1],[4, 2]]  

[[2, 1],[],[4, 3]], F=14, G=12, H=2
OPEN: [[2],[3, 1],[4]]  [[],[4, 2, 1],[3]]  [[2, 1],[4],[3]]  [[3, 1],[],[4, 2]]  [[3],[1],[4, 2]]  [[2, 1],[],[4, 3]]  
PRI: 14  14  14  15  15  14  
BACKLINKS: [[4, 3, 2, 1],[],[]]  [[4, 3, 2],[1],[]]  [[4, 3, 2],[],[1]]  [[4, 3],[2],[1]]  [[4, 3],[1],[2]]  [[4, 3, 1],[2],[]]  [[4, 3],[2, 1],[]]  [[4, 3, 1],[],[2]]  [[4, 3],[],[2, 1]]  [[4],[3],[2, 1]]  [[4, 1],[3],[2]]  [[4],[3, 1],[2]]  [[4],[2, 1],[3]]  [[4, 1],[2],[3]]  [[4],[2],[3, 1]]  [[4, 2],[],[3, 1]]  [[4, 1],[3, 2],[]]  [[4, 2],[3, 1],[]]  [[4, 1],[],[3, 2]]  [[4, 2, 1],[],[3]]  [[4, 2],[1],[3]]  [[4],[1],[3, 2]]  [[4],[],[3, 2, 1]]  [[],[4],[3, 2, 1]]  [[1],[4],[3, 2]]  [[],[4, 1],[3, 2]]  [[4],[3, 2, 1],[]]  [[4],[3, 2],[1]]  [[4, 2, 1],[3],[]]  [[4, 2],[3],[1]]  [[1],[4, 2],[3]]  [[2],[4, 1],[3]]  [[],[3, 2, 1],[4]]  [[1],[3, 2],[4]]  [[],[3, 2],[4, 1]]  [[2],[3],[4, 1]]  [[1],[3],[4, 2]]  [[2, 1],[3],[4]]  [[2],[3, 1],[4]]  [[],[3, 1],[4, 2]]  [[],[3],[4, 2, 1]]  [[3],[],[4, 2, 1]]  [[],[4, 2, 1],[3]]  [[],[4, 2],[3, 1]]  [[2, 1],[4],[3]]  [[2],[4],[3, 1]]  [[3, 1],[],[4, 2]]  [[3],[1],[4, 2]]  [[2, 1],[],[4, 3]]  

[[3],[4, 2, 1],[]], F=16, G=12, H=4
OPEN: [[2, 1],[4],[3]]  [[3, 1],[],[4, 2]]  [[3],[1],[4, 2]]  [[2, 1],[],[4, 3]]  [[3],[4, 2, 1],[]]  
PRI: 14  15  15  14  16  
BACKLINKS: [[4, 3, 2, 1],[],[]]  [[4, 3, 2],[1],[]]  [[4, 3, 2],[],[1]]  [[4, 3],[2],[1]]  [[4, 3],[1],[2]]  [[4, 3, 1],[2],[]]  [[4, 3],[2, 1],[]]  [[4, 3, 1],[],[2]]  [[4, 3],[],[2, 1]]  [[4],[3],[2, 1]]  [[4, 1],[3],[2]]  [[4],[3, 1],[2]]  [[4],[2, 1],[3]]  [[4, 1],[2],[3]]  [[4],[2],[3, 1]]  [[4, 2],[],[3, 1]]  [[4, 1],[3, 2],[]]  [[4, 2],[3, 1],[]]  [[4, 1],[],[3, 2]]  [[4, 2, 1],[],[3]]  [[4, 2],[1],[3]]  [[4],[1],[3, 2]]  [[4],[],[3, 2, 1]]  [[],[4],[3, 2, 1]]  [[1],[4],[3, 2]]  [[],[4, 1],[3, 2]]  [[4],[3, 2, 1],[]]  [[4],[3, 2],[1]]  [[4, 2, 1],[3],[]]  [[4, 2],[3],[1]]  [[1],[4, 2],[3]]  [[2],[4, 1],[3]]  [[],[3, 2, 1],[4]]  [[1],[3, 2],[4]]  [[],[3, 2],[4, 1]]  [[2],[3],[4, 1]]  [[1],[3],[4, 2]]  [[2, 1],[3],[4]]  [[2],[3, 1],[4]]  [[],[3, 1],[4, 2]]  [[],[3],[4, 2, 1]]  [[3],[],[4, 2, 1]]  [[],[4, 2, 1],[3]]  [[],[4, 2],[3, 1]]  [[2, 1],[4],[3]]  [[2],[4],[3, 1]]  [[3, 1],[],[4, 2]]  [[3],[1],[4, 2]]  [[2, 1],[],[4, 3]]  [[3],[4, 2, 1],[]]  

[[2, 1],[4, 3],[]], F=16, G=12, H=4
OPEN: [[3, 1],[],[4, 2]]  [[3],[1],[4, 2]]  [[2, 1],[],[4, 3]]  [[3],[4, 2, 1],[]]  [[2, 1],[4, 3],[]]  
PRI: 15  15  14  16  16  
BACKLINKS: [[4, 3, 2, 1],[],[]]  [[4, 3, 2],[1],[]]  [[4, 3, 2],[],[1]]  [[4, 3],[2],[1]]  [[4, 3],[1],[2]]  [[4, 3, 1],[2],[]]  [[4, 3],[2, 1],[]]  [[4, 3, 1],[],[2]]  [[4, 3],[],[2, 1]]  [[4],[3],[2, 1]]  [[4, 1],[3],[2]]  [[4],[3, 1],[2]]  [[4],[2, 1],[3]]  [[4, 1],[2],[3]]  [[4],[2],[3, 1]]  [[4, 2],[],[3, 1]]  [[4, 1],[3, 2],[]]  [[4, 2],[3, 1],[]]  [[4, 1],[],[3, 2]]  [[4, 2, 1],[],[3]]  [[4, 2],[1],[3]]  [[4],[1],[3, 2]]  [[4],[],[3, 2, 1]]  [[],[4],[3, 2, 1]]  [[1],[4],[3, 2]]  [[],[4, 1],[3, 2]]  [[4],[3, 2, 1],[]]  [[4],[3, 2],[1]]  [[4, 2, 1],[3],[]]  [[4, 2],[3],[1]]  [[1],[4, 2],[3]]  [[2],[4, 1],[3]]  [[],[3, 2, 1],[4]]  [[1],[3, 2],[4]]  [[],[3, 2],[4, 1]]  [[2],[3],[4, 1]]  [[1],[3],[4, 2]]  [[2, 1],[3],[4]]  [[2],[3, 1],[4]]  [[],[3, 1],[4, 2]]  [[],[3],[4, 2, 1]]  [[3],[],[4, 2, 1]]  [[],[4, 2, 1],[3]]  [[],[4, 2],[3, 1]]  [[2, 1],[4],[3]]  [[2],[4],[3, 1]]  [[3, 1],[],[4, 2]]  [[3],[1],[4, 2]]  [[2, 1],[],[4, 3]]  [[3],[4, 2, 1],[]]  [[2, 1],[4, 3],[]]  

[[2],[1],[4, 3]], F=15, G=13, H=2
OPEN: [[3, 1],[],[4, 2]]  [[3],[1],[4, 2]]  [[3],[4, 2, 1],[]]  [[2, 1],[4, 3],[]]  [[2],[1],[4, 3]]  
PRI: 15  15  16  16  15  
BACKLINKS: [[4, 3, 2, 1],[],[]]  [[4, 3, 2],[1],[]]  [[4, 3, 2],[],[1]]  [[4, 3],[2],[1]]  [[4, 3],[1],[2]]  [[4, 3, 1],[2],[]]  [[4, 3],[2, 1],[]]  [[4, 3, 1],[],[2]]  [[4, 3],[],[2, 1]]  [[4],[3],[2, 1]]  [[4, 1],[3],[2]]  [[4],[3, 1],[2]]  [[4],[2, 1],[3]]  [[4, 1],[2],[3]]  [[4],[2],[3, 1]]  [[4, 2],[],[3, 1]]  [[4, 1],[3, 2],[]]  [[4, 2],[3, 1],[]]  [[4, 1],[],[3, 2]]  [[4, 2, 1],[],[3]]  [[4, 2],[1],[3]]  [[4],[1],[3, 2]]  [[4],[],[3, 2, 1]]  [[],[4],[3, 2, 1]]  [[1],[4],[3, 2]]  [[],[4, 1],[3, 2]]  [[4],[3, 2, 1],[]]  [[4],[3, 2],[1]]  [[4, 2, 1],[3],[]]  [[4, 2],[3],[1]]  [[1],[4, 2],[3]]  [[2],[4, 1],[3]]  [[],[3, 2, 1],[4]]  [[1],[3, 2],[4]]  [[],[3, 2],[4, 1]]  [[2],[3],[4, 1]]  [[1],[3],[4, 2]]  [[2, 1],[3],[4]]  [[2],[3, 1],[4]]  [[],[3, 1],[4, 2]]  [[],[3],[4, 2, 1]]  [[3],[],[4, 2, 1]]  [[],[4, 2, 1],[3]]  [[],[4, 2],[3, 1]]  [[2, 1],[4],[3]]  [[2],[4],[3, 1]]  [[3, 1],[],[4, 2]]  [[3],[1],[4, 2]]  [[2, 1],[],[4, 3]]  [[3],[4, 2, 1],[]]  [[2, 1],[4, 3],[]]  [[2],[1],[4, 3]]  

[[2],[],[4, 3, 1]], F=14, G=13, H=1
OPEN: [[3, 1],[],[4, 2]]  [[3],[1],[4, 2]]  [[3],[4, 2, 1],[]]  [[2, 1],[4, 3],[]]  [[2],[1],[4, 3]]  [[2],[],[4, 3, 1]]  
PRI: 15  15  16  16  15  14  
BACKLINKS: [[4, 3, 2, 1],[],[]]  [[4, 3, 2],[1],[]]  [[4, 3, 2],[],[1]]  [[4, 3],[2],[1]]  [[4, 3],[1],[2]]  [[4, 3, 1],[2],[]]  [[4, 3],[2, 1],[]]  [[4, 3, 1],[],[2]]  [[4, 3],[],[2, 1]]  [[4],[3],[2, 1]]  [[4, 1],[3],[2]]  [[4],[3, 1],[2]]  [[4],[2, 1],[3]]  [[4, 1],[2],[3]]  [[4],[2],[3, 1]]  [[4, 2],[],[3, 1]]  [[4, 1],[3, 2],[]]  [[4, 2],[3, 1],[]]  [[4, 1],[],[3, 2]]  [[4, 2, 1],[],[3]]  [[4, 2],[1],[3]]  [[4],[1],[3, 2]]  [[4],[],[3, 2, 1]]  [[],[4],[3, 2, 1]]  [[1],[4],[3, 2]]  [[],[4, 1],[3, 2]]  [[4],[3, 2, 1],[]]  [[4],[3, 2],[1]]  [[4, 2, 1],[3],[]]  [[4, 2],[3],[1]]  [[1],[4, 2],[3]]  [[2],[4, 1],[3]]  [[],[3, 2, 1],[4]]  [[1],[3, 2],[4]]  [[],[3, 2],[4, 1]]  [[2],[3],[4, 1]]  [[1],[3],[4, 2]]  [[2, 1],[3],[4]]  [[2],[3, 1],[4]]  [[],[3, 1],[4, 2]]  [[],[3],[4, 2, 1]]  [[3],[],[4, 2, 1]]  [[],[4, 2, 1],[3]]  [[],[4, 2],[3, 1]]  [[2, 1],[4],[3]]  [[2],[4],[3, 1]]  [[3, 1],[],[4, 2]]  [[3],[1],[4, 2]]  [[2, 1],[],[4, 3]]  [[3],[4, 2, 1],[]]  [[2, 1],[4, 3],[]]  [[2],[1],[4, 3]]  [[2],[],[4, 3, 1]]  

[[],[2],[4, 3, 1]], F=15, G=14, H=1
OPEN: [[3, 1],[],[4, 2]]  [[3],[1],[4, 2]]  [[3],[4, 2, 1],[]]  [[2, 1],[4, 3],[]]  [[2],[1],[4, 3]]  [[],[2],[4, 3, 1]]  
PRI: 15  15  16  16  15  15  
BACKLINKS: [[4, 3, 2, 1],[],[]]  [[4, 3, 2],[1],[]]  [[4, 3, 2],[],[1]]  [[4, 3],[2],[1]]  [[4, 3],[1],[2]]  [[4, 3, 1],[2],[]]  [[4, 3],[2, 1],[]]  [[4, 3, 1],[],[2]]  [[4, 3],[],[2, 1]]  [[4],[3],[2, 1]]  [[4, 1],[3],[2]]  [[4],[3, 1],[2]]  [[4],[2, 1],[3]]  [[4, 1],[2],[3]]  [[4],[2],[3, 1]]  [[4, 2],[],[3, 1]]  [[4, 1],[3, 2],[]]  [[4, 2],[3, 1],[]]  [[4, 1],[],[3, 2]]  [[4, 2, 1],[],[3]]  [[4, 2],[1],[3]]  [[4],[1],[3, 2]]  [[4],[],[3, 2, 1]]  [[],[4],[3, 2, 1]]  [[1],[4],[3, 2]]  [[],[4, 1],[3, 2]]  [[4],[3, 2, 1],[]]  [[4],[3, 2],[1]]  [[4, 2, 1],[3],[]]  [[4, 2],[3],[1]]  [[1],[4, 2],[3]]  [[2],[4, 1],[3]]  [[],[3, 2, 1],[4]]  [[1],[3, 2],[4]]  [[],[3, 2],[4, 1]]  [[2],[3],[4, 1]]  [[1],[3],[4, 2]]  [[2, 1],[3],[4]]  [[2],[3, 1],[4]]  [[],[3, 1],[4, 2]]  [[],[3],[4, 2, 1]]  [[3],[],[4, 2, 1]]  [[],[4, 2, 1],[3]]  [[],[4, 2],[3, 1]]  [[2, 1],[4],[3]]  [[2],[4],[3, 1]]  [[3, 1],[],[4, 2]]  [[3],[1],[4, 2]]  [[2, 1],[],[4, 3]]  [[3],[4, 2, 1],[]]  [[2, 1],[4, 3],[]]  [[2],[1],[4, 3]]  [[2],[],[4, 3, 1]]  [[],[2],[4, 3, 1]]  

[[3, 1],[2],[4]], F=17, G=14, H=3
OPEN: [[3],[1],[4, 2]]  [[3],[4, 2, 1],[]]  [[2, 1],[4, 3],[]]  [[2],[1],[4, 3]]  [[],[2],[4, 3, 1]]  [[3, 1],[2],[4]]  
PRI: 15  16  16  15  15  17  
BACKLINKS: [[4, 3, 2, 1],[],[]]  [[4, 3, 2],[1],[]]  [[4, 3, 2],[],[1]]  [[4, 3],[2],[1]]  [[4, 3],[1],[2]]  [[4, 3, 1],[2],[]]  [[4, 3],[2, 1],[]]  [[4, 3, 1],[],[2]]  [[4, 3],[],[2, 1]]  [[4],[3],[2, 1]]  [[4, 1],[3],[2]]  [[4],[3, 1],[2]]  [[4],[2, 1],[3]]  [[4, 1],[2],[3]]  [[4],[2],[3, 1]]  [[4, 2],[],[3, 1]]  [[4, 1],[3, 2],[]]  [[4, 2],[3, 1],[]]  [[4, 1],[],[3, 2]]  [[4, 2, 1],[],[3]]  [[4, 2],[1],[3]]  [[4],[1],[3, 2]]  [[4],[],[3, 2, 1]]  [[],[4],[3, 2, 1]]  [[1],[4],[3, 2]]  [[],[4, 1],[3, 2]]  [[4],[3, 2, 1],[]]  [[4],[3, 2],[1]]  [[4, 2, 1],[3],[]]  [[4, 2],[3],[1]]  [[1],[4, 2],[3]]  [[2],[4, 1],[3]]  [[],[3, 2, 1],[4]]  [[1],[3, 2],[4]]  [[],[3, 2],[4, 1]]  [[2],[3],[4, 1]]  [[1],[3],[4, 2]]  [[2, 1],[3],[4]]  [[2],[3, 1],[4]]  [[],[3, 1],[4, 2]]  [[],[3],[4, 2, 1]]  [[3],[],[4, 2, 1]]  [[],[4, 2, 1],[3]]  [[],[4, 2],[3, 1]]  [[2, 1],[4],[3]]  [[2],[4],[3, 1]]  [[3, 1],[],[4, 2]]  [[3],[1],[4, 2]]  [[2, 1],[],[4, 3]]  [[3],[4, 2, 1],[]]  [[2, 1],[4, 3],[]]  [[2],[1],[4, 3]]  [[2],[],[4, 3, 1]]  [[],[2],[4, 3, 1]]  [[3, 1],[2],[4]]  

[[3, 2],[1],[4]], F=17, G=14, H=3
OPEN: [[3],[4, 2, 1],[]]  [[2, 1],[4, 3],[]]  [[2],[1],[4, 3]]  [[],[2],[4, 3, 1]]  [[3, 1],[2],[4]]  [[3, 2],[1],[4]]  
PRI: 16  16  15  15  17  17  
BACKLINKS: [[4, 3, 2, 1],[],[]]  [[4, 3, 2],[1],[]]  [[4, 3, 2],[],[1]]  [[4, 3],[2],[1]]  [[4, 3],[1],[2]]  [[4, 3, 1],[2],[]]  [[4, 3],[2, 1],[]]  [[4, 3, 1],[],[2]]  [[4, 3],[],[2, 1]]  [[4],[3],[2, 1]]  [[4, 1],[3],[2]]  [[4],[3, 1],[2]]  [[4],[2, 1],[3]]  [[4, 1],[2],[3]]  [[4],[2],[3, 1]]  [[4, 2],[],[3, 1]]  [[4, 1],[3, 2],[]]  [[4, 2],[3, 1],[]]  [[4, 1],[],[3, 2]]  [[4, 2, 1],[],[3]]  [[4, 2],[1],[3]]  [[4],[1],[3, 2]]  [[4],[],[3, 2, 1]]  [[],[4],[3, 2, 1]]  [[1],[4],[3, 2]]  [[],[4, 1],[3, 2]]  [[4],[3, 2, 1],[]]  [[4],[3, 2],[1]]  [[4, 2, 1],[3],[]]  [[4, 2],[3],[1]]  [[1],[4, 2],[3]]  [[2],[4, 1],[3]]  [[],[3, 2, 1],[4]]  [[1],[3, 2],[4]]  [[],[3, 2],[4, 1]]  [[2],[3],[4, 1]]  [[1],[3],[4, 2]]  [[2, 1],[3],[4]]  [[2],[3, 1],[4]]  [[],[3, 1],[4, 2]]  [[],[3],[4, 2, 1]]  [[3],[],[4, 2, 1]]  [[],[4, 2, 1],[3]]  [[],[4, 2],[3, 1]]  [[2, 1],[4],[3]]  [[2],[4],[3, 1]]  [[3, 1],[],[4, 2]]  [[3],[1],[4, 2]]  [[2, 1],[],[4, 3]]  [[3],[4, 2, 1],[]]  [[2, 1],[4, 3],[]]  [[2],[1],[4, 3]]  [[2],[],[4, 3, 1]]  [[],[2],[4, 3, 1]]  [[3, 1],[2],[4]]  [[3, 2],[1],[4]]  

[[],[1],[4, 3, 2]], F=15, G=14, H=1
OPEN: [[3],[4, 2, 1],[]]  [[2, 1],[4, 3],[]]  [[],[2],[4, 3, 1]]  [[3, 1],[2],[4]]  [[3, 2],[1],[4]]  [[],[1],[4, 3, 2]]  
PRI: 16  16  15  17  17  15  
BACKLINKS: [[4, 3, 2, 1],[],[]]  [[4, 3, 2],[1],[]]  [[4, 3, 2],[],[1]]  [[4, 3],[2],[1]]  [[4, 3],[1],[2]]  [[4, 3, 1],[2],[]]  [[4, 3],[2, 1],[]]  [[4, 3, 1],[],[2]]  [[4, 3],[],[2, 1]]  [[4],[3],[2, 1]]  [[4, 1],[3],[2]]  [[4],[3, 1],[2]]  [[4],[2, 1],[3]]  [[4, 1],[2],[3]]  [[4],[2],[3, 1]]  [[4, 2],[],[3, 1]]  [[4, 1],[3, 2],[]]  [[4, 2],[3, 1],[]]  [[4, 1],[],[3, 2]]  [[4, 2, 1],[],[3]]  [[4, 2],[1],[3]]  [[4],[1],[3, 2]]  [[4],[],[3, 2, 1]]  [[],[4],[3, 2, 1]]  [[1],[4],[3, 2]]  [[],[4, 1],[3, 2]]  [[4],[3, 2, 1],[]]  [[4],[3, 2],[1]]  [[4, 2, 1],[3],[]]  [[4, 2],[3],[1]]  [[1],[4, 2],[3]]  [[2],[4, 1],[3]]  [[],[3, 2, 1],[4]]  [[1],[3, 2],[4]]  [[],[3, 2],[4, 1]]  [[2],[3],[4, 1]]  [[1],[3],[4, 2]]  [[2, 1],[3],[4]]  [[2],[3, 1],[4]]  [[],[3, 1],[4, 2]]  [[],[3],[4, 2, 1]]  [[3],[],[4, 2, 1]]  [[],[4, 2, 1],[3]]  [[],[4, 2],[3, 1]]  [[2, 1],[4],[3]]  [[2],[4],[3, 1]]  [[3, 1],[],[4, 2]]  [[3],[1],[4, 2]]  [[2, 1],[],[4, 3]]  [[3],[4, 2, 1],[]]  [[2, 1],[4, 3],[]]  [[2],[1],[4, 3]]  [[2],[],[4, 3, 1]]  [[],[2],[4, 3, 1]]  [[3, 1],[2],[4]]  [[3, 2],[1],[4]]  [[],[1],[4, 3, 2]]  

[[1],[2],[4, 3]], F=17, G=15, H=2
OPEN: [[3],[4, 2, 1],[]]  [[2, 1],[4, 3],[]]  [[3, 1],[2],[4]]  [[3, 2],[1],[4]]  [[],[1],[4, 3, 2]]  [[1],[2],[4, 3]]  
PRI: 16  16  17  17  15  17  
BACKLINKS: [[4, 3, 2, 1],[],[]]  [[4, 3, 2],[1],[]]  [[4, 3, 2],[],[1]]  [[4, 3],[2],[1]]  [[4, 3],[1],[2]]  [[4, 3, 1],[2],[]]  [[4, 3],[2, 1],[]]  [[4, 3, 1],[],[2]]  [[4, 3],[],[2, 1]]  [[4],[3],[2, 1]]  [[4, 1],[3],[2]]  [[4],[3, 1],[2]]  [[4],[2, 1],[3]]  [[4, 1],[2],[3]]  [[4],[2],[3, 1]]  [[4, 2],[],[3, 1]]  [[4, 1],[3, 2],[]]  [[4, 2],[3, 1],[]]  [[4, 1],[],[3, 2]]  [[4, 2, 1],[],[3]]  [[4, 2],[1],[3]]  [[4],[1],[3, 2]]  [[4],[],[3, 2, 1]]  [[],[4],[3, 2, 1]]  [[1],[4],[3, 2]]  [[],[4, 1],[3, 2]]  [[4],[3, 2, 1],[]]  [[4],[3, 2],[1]]  [[4, 2, 1],[3],[]]  [[4, 2],[3],[1]]  [[1],[4, 2],[3]]  [[2],[4, 1],[3]]  [[],[3, 2, 1],[4]]  [[1],[3, 2],[4]]  [[],[3, 2],[4, 1]]  [[2],[3],[4, 1]]  [[1],[3],[4, 2]]  [[2, 1],[3],[4]]  [[2],[3, 1],[4]]  [[],[3, 1],[4, 2]]  [[],[3],[4, 2, 1]]  [[3],[],[4, 2, 1]]  [[],[4, 2, 1],[3]]  [[],[4, 2],[3, 1]]  [[2, 1],[4],[3]]  [[2],[4],[3, 1]]  [[3, 1],[],[4, 2]]  [[3],[1],[4, 2]]  [[2, 1],[],[4, 3]]  [[3],[4, 2, 1],[]]  [[2, 1],[4, 3],[]]  [[2],[1],[4, 3]]  [[2],[],[4, 3, 1]]  [[],[2],[4, 3, 1]]  [[3, 1],[2],[4]]  [[3, 2],[1],[4]]  [[],[1],[4, 3, 2]]  [[1],[2],[4, 3]]  

[[],[2, 1],[4, 3]], F=17, G=15, H=2
OPEN: [[3],[4, 2, 1],[]]  [[2, 1],[4, 3],[]]  [[3, 1],[2],[4]]  [[3, 2],[1],[4]]  [[],[1],[4, 3, 2]]  [[1],[2],[4, 3]]  [[],[2, 1],[4, 3]]  
PRI: 16  16  17  17  15  17  17  
BACKLINKS: [[4, 3, 2, 1],[],[]]  [[4, 3, 2],[1],[]]  [[4, 3, 2],[],[1]]  [[4, 3],[2],[1]]  [[4, 3],[1],[2]]  [[4, 3, 1],[2],[]]  [[4, 3],[2, 1],[]]  [[4, 3, 1],[],[2]]  [[4, 3],[],[2, 1]]  [[4],[3],[2, 1]]  [[4, 1],[3],[2]]  [[4],[3, 1],[2]]  [[4],[2, 1],[3]]  [[4, 1],[2],[3]]  [[4],[2],[3, 1]]  [[4, 2],[],[3, 1]]  [[4, 1],[3, 2],[]]  [[4, 2],[3, 1],[]]  [[4, 1],[],[3, 2]]  [[4, 2, 1],[],[3]]  [[4, 2],[1],[3]]  [[4],[1],[3, 2]]  [[4],[],[3, 2, 1]]  [[],[4],[3, 2, 1]]  [[1],[4],[3, 2]]  [[],[4, 1],[3, 2]]  [[4],[3, 2, 1],[]]  [[4],[3, 2],[1]]  [[4, 2, 1],[3],[]]  [[4, 2],[3],[1]]  [[1],[4, 2],[3]]  [[2],[4, 1],[3]]  [[],[3, 2, 1],[4]]  [[1],[3, 2],[4]]  [[],[3, 2],[4, 1]]  [[2],[3],[4, 1]]  [[1],[3],[4, 2]]  [[2, 1],[3],[4]]  [[2],[3, 1],[4]]  [[],[3, 1],[4, 2]]  [[],[3],[4, 2, 1]]  [[3],[],[4, 2, 1]]  [[],[4, 2, 1],[3]]  [[],[4, 2],[3, 1]]  [[2, 1],[4],[3]]  [[2],[4],[3, 1]]  [[3, 1],[],[4, 2]]  [[3],[1],[4, 2]]  [[2, 1],[],[4, 3]]  [[3],[4, 2, 1],[]]  [[2, 1],[4, 3],[]]  [[2],[1],[4, 3]]  [[2],[],[4, 3, 1]]  [[],[2],[4, 3, 1]]  [[3, 1],[2],[4]]  [[3, 2],[1],[4]]  [[],[1],[4, 3, 2]]  [[1],[2],[4, 3]]  [[],[2, 1],[4, 3]]  

[[1],[],[4, 3, 2]], F=16, G=15, H=1
OPEN: [[3],[4, 2, 1],[]]  [[2, 1],[4, 3],[]]  [[3, 1],[2],[4]]  [[3, 2],[1],[4]]  [[1],[2],[4, 3]]  [[],[2, 1],[4, 3]]  [[1],[],[4, 3, 2]]  
PRI: 16  16  17  17  17  17  16  
BACKLINKS: [[4, 3, 2, 1],[],[]]  [[4, 3, 2],[1],[]]  [[4, 3, 2],[],[1]]  [[4, 3],[2],[1]]  [[4, 3],[1],[2]]  [[4, 3, 1],[2],[]]  [[4, 3],[2, 1],[]]  [[4, 3, 1],[],[2]]  [[4, 3],[],[2, 1]]  [[4],[3],[2, 1]]  [[4, 1],[3],[2]]  [[4],[3, 1],[2]]  [[4],[2, 1],[3]]  [[4, 1],[2],[3]]  [[4],[2],[3, 1]]  [[4, 2],[],[3, 1]]  [[4, 1],[3, 2],[]]  [[4, 2],[3, 1],[]]  [[4, 1],[],[3, 2]]  [[4, 2, 1],[],[3]]  [[4, 2],[1],[3]]  [[4],[1],[3, 2]]  [[4],[],[3, 2, 1]]  [[],[4],[3, 2, 1]]  [[1],[4],[3, 2]]  [[],[4, 1],[3, 2]]  [[4],[3, 2, 1],[]]  [[4],[3, 2],[1]]  [[4, 2, 1],[3],[]]  [[4, 2],[3],[1]]  [[1],[4, 2],[3]]  [[2],[4, 1],[3]]  [[],[3, 2, 1],[4]]  [[1],[3, 2],[4]]  [[],[3, 2],[4, 1]]  [[2],[3],[4, 1]]  [[1],[3],[4, 2]]  [[2, 1],[3],[4]]  [[2],[3, 1],[4]]  [[],[3, 1],[4, 2]]  [[],[3],[4, 2, 1]]  [[3],[],[4, 2, 1]]  [[],[4, 2, 1],[3]]  [[],[4, 2],[3, 1]]  [[2, 1],[4],[3]]  [[2],[4],[3, 1]]  [[3, 1],[],[4, 2]]  [[3],[1],[4, 2]]  [[2, 1],[],[4, 3]]  [[3],[4, 2, 1],[]]  [[2, 1],[4, 3],[]]  [[2],[1],[4, 3]]  [[2],[],[4, 3, 1]]  [[],[2],[4, 3, 1]]  [[3, 1],[2],[4]]  [[3, 2],[1],[4]]  [[],[1],[4, 3, 2]]  [[1],[2],[4, 3]]  [[],[2, 1],[4, 3]]  [[1],[],[4, 3, 2]]  

[[],[],[4, 3, 2, 1]], F=15, G=15, H=0
OPEN: [[3],[4, 2, 1],[]]  [[2, 1],[4, 3],[]]  [[3, 1],[2],[4]]  [[3, 2],[1],[4]]  [[1],[2],[4, 3]]  [[],[2, 1],[4, 3]]  [[1],[],[4, 3, 2]]  [[],[],[4, 3, 2, 1]]  
PRI: 16  16  17  17  17  17  16  15  
BACKLINKS: [[4, 3, 2, 1],[],[]]  [[4, 3, 2],[1],[]]  [[4, 3, 2],[],[1]]  [[4, 3],[2],[1]]  [[4, 3],[1],[2]]  [[4, 3, 1],[2],[]]  [[4, 3],[2, 1],[]]  [[4, 3, 1],[],[2]]  [[4, 3],[],[2, 1]]  [[4],[3],[2, 1]]  [[4, 1],[3],[2]]  [[4],[3, 1],[2]]  [[4],[2, 1],[3]]  [[4, 1],[2],[3]]  [[4],[2],[3, 1]]  [[4, 2],[],[3, 1]]  [[4, 1],[3, 2],[]]  [[4, 2],[3, 1],[]]  [[4, 1],[],[3, 2]]  [[4, 2, 1],[],[3]]  [[4, 2],[1],[3]]  [[4],[1],[3, 2]]  [[4],[],[3, 2, 1]]  [[],[4],[3, 2, 1]]  [[1],[4],[3, 2]]  [[],[4, 1],[3, 2]]  [[4],[3, 2, 1],[]]  [[4],[3, 2],[1]]  [[4, 2, 1],[3],[]]  [[4, 2],[3],[1]]  [[1],[4, 2],[3]]  [[2],[4, 1],[3]]  [[],[3, 2, 1],[4]]  [[1],[3, 2],[4]]  [[],[3, 2],[4, 1]]  [[2],[3],[4, 1]]  [[1],[3],[4, 2]]  [[2, 1],[3],[4]]  [[2],[3, 1],[4]]  [[],[3, 1],[4, 2]]  [[],[3],[4, 2, 1]]  [[3],[],[4, 2, 1]]  [[],[4, 2, 1],[3]]  [[],[4, 2],[3, 1]]  [[2, 1],[4],[3]]  [[2],[4],[3, 1]]  [[3, 1],[],[4, 2]]  [[3],[1],[4, 2]]  [[2, 1],[],[4, 3]]  [[3],[4, 2, 1],[]]  [[2, 1],[4, 3],[]]  [[2],[1],[4, 3]]  [[2],[],[4, 3, 1]]  [[],[2],[4, 3, 1]]  [[3, 1],[2],[4]]  [[3, 2],[1],[4]]  [[],[1],[4, 3, 2]]  [[1],[2],[4, 3]]  [[],[2, 1],[4, 3]]  [[1],[],[4, 3, 2]]  [[],[],[4, 3, 2, 1]]  

Solution path: 
[[4, 3, 2, 1],[],[]]
[[4, 3, 2],[1],[]]
[[4, 3],[1],[2]]
[[4, 3],[],[2, 1]]
[[4],[3],[2, 1]]
[[4, 1],[3],[2]]
[[4, 1],[3, 2],[]]
[[4],[3, 2, 1],[]]
[[],[3, 2, 1],[4]]
[[],[3, 2],[4, 1]]
[[2],[3],[4, 1]]
[[2, 1],[3],[4]]
[[2, 1],[],[4, 3]]
[[2],[1],[4, 3]]
[[],[1],[4, 3, 2]]
[[],[],[4, 3, 2, 1]]

Path length = 15
53 states examined.
