
Welcome to AStar
Initial State:
[[4, 3, 2, 1],[],[]], F=10, G=0, H=10

Pattern: new_state F() G() H():

[[4, 3, 2],[1],[]], F=11, G=1, H=10
OPEN: [[4, 3, 2],[1],[]]  
PRI: 11  
BACKLINKS: [[4, 3, 2, 1],[],[]]  [[4, 3, 2],[1],[]]  

[[4, 3, 2],[],[1]], F=10, G=1, H=9
OPEN: [[4, 3, 2],[1],[]]  [[4, 3, 2],[],[1]]  
PRI: 11  10  
BACKLINKS: [[4, 3, 2, 1],[],[]]  [[4, 3, 2],[1],[]]  [[4, 3, 2],[],[1]]  

[[4, 3],[2],[1]], F=11, G=2, H=9
OPEN: [[4, 3, 2],[1],[]]  [[4, 3],[2],[1]]  
PRI: 11  11  
BACKLINKS: [[4, 3, 2, 1],[],[]]  [[4, 3, 2],[1],[]]  [[4, 3, 2],[],[1]]  [[4, 3],[2],[1]]  

[[4, 3],[1],[2]], F=10, G=2, H=8
OPEN: [[4, 3],[2],[1]]  [[4, 3],[1],[2]]  
PRI: 11  10  
BACKLINKS: [[4, 3, 2, 1],[],[]]  [[4, 3, 2],[1],[]]  [[4, 3, 2],[],[1]]  [[4, 3],[2],[1]]  [[4, 3],[1],[2]]  

[[4, 3, 1],[],[2]], F=11, G=3, H=8
OPEN: [[4, 3],[2],[1]]  [[4, 3, 1],[],[2]]  
PRI: 11  11  
BACKLINKS: [[4, 3, 2, 1],[],[]]  [[4, 3, 2],[1],[]]  [[4, 3, 2],[],[1]]  [[4, 3],[2],[1]]  [[4, 3],[1],[2]]  [[4, 3, 1],[],[2]]  

[[4, 3],[],[2, 1]], F=10, G=3, H=7
OPEN: [[4, 3],[2],[1]]  [[4, 3, 1],[],[2]]  [[4, 3],[],[2, 1]]  
PRI: 11  11  10  
BACKLINKS: [[4, 3, 2, 1],[],[]]  [[4, 3, 2],[1],[]]  [[4, 3, 2],[],[1]]  [[4, 3],[2],[1]]  [[4, 3],[1],[2]]  [[4, 3, 1],[],[2]]  [[4, 3],[],[2, 1]]  

[[4],[3],[2, 1]], F=11, G=4, H=7
OPEN: [[4, 3],[2],[1]]  [[4, 3, 1],[],[2]]  [[4],[3],[2, 1]]  
PRI: 11  11  11  
BACKLINKS: [[4, 3, 2, 1],[],[]]  [[4, 3, 2],[1],[]]  [[4, 3, 2],[],[1]]  [[4, 3],[2],[1]]  [[4, 3],[1],[2]]  [[4, 3, 1],[],[2]]  [[4, 3],[],[2, 1]]  [[4],[3],[2, 1]]  

[[4, 3, 1],[2],[]], F=13, G=3, H=10
OPEN: [[4, 3, 1],[],[2]]  [[4],[3],[2, 1]]  [[4, 3, 1],[2],[]]  
PRI: 11  11  13  
BACKLINKS: [[4, 3, 2, 1],[],[]]  [[4, 3, 2],[1],[]]  [[4, 3, 2],[],[1]]  [[4, 3],[2],[1]]  [[4, 3],[1],[2]]  [[4, 3, 1],[],[2]]  [[4, 3],[],[2, 1]]  [[4],[3],[2, 1]]  [[4, 3, 1],[2],[]]  

[[4, 3],[2, 1],[]], F=13, G=3, H=10
OPEN: [[4, 3, 1],[],[2]]  [[4],[3],[2, 1]]  [[4, 3, 1],[2],[]]  [[4, 3],[2, 1],[]]  
PRI: 11  11  13  13  
BACKLINKS: [[4, 3, 2, 1],[],[]]  [[4, 3, 2],[1],[]]  [[4, 3, 2],[],[1]]  [[4, 3],[2],[1]]  [[4, 3],[1],[2]]  [[4, 3, 1],[],[2]]  [[4, 3],[],[2, 1]]  [[4],[3],[2, 1]]  [[4, 3, 1],[2],[]]  [[4, 3],[2, 1],[]]  

[[4, 1],[3],[2]], F=13, G=5, H=8
OPEN: [[4, 3, 1],[2],[]]  [[4, 3],[2, 1],[]]  [[4, 1],[3],[2]]  
PRI: 13  13  13  
BACKLINKS: [[4, 3, 2, 1],[],[]]  [[4, 3, 2],[1],[]]  [[4, 3, 2],[],[1]]  [[4, 3],[2],[1]]  [[4, 3],[1],[2]]  [[4, 3, 1],[],[2]]  [[4, 3],[],[2, 1]]  [[4],[3],[2, 1]]  [[4, 3, 1],[2],[]]  [[4, 3],[2, 1],[]]  [[4, 1],[3],[2]]  

[[4],[3, 1],[2]], F=13, G=5, H=8
OPEN: [[4, 3, 1],[2],[]]  [[4, 3],[2, 1],[]]  [[4, 1],[3],[2]]  [[4],[3, 1],[2]]  
PRI: 13  13  13  13  
BACKLINKS: [[4, 3, 2, 1],[],[]]  [[4, 3, 2],[1],[]]  [[4, 3, 2],[],[1]]  [[4, 3],[2],[1]]  [[4, 3],[1],[2]]  [[4, 3, 1],[],[2]]  [[4, 3],[],[2, 1]]  [[4],[3],[2, 1]]  [[4, 3, 1],[2],[]]  [[4, 3],[2, 1],[]]  [[4, 1],[3],[2]]  [[4],[3, 1],[2]]  

[[4],[2, 1],[3]], F=11, G=4, H=7
OPEN: [[4, 1],[3],[2]]  [[4],[3, 1],[2]]  [[4],[2, 1],[3]]  
PRI: 13  13  11  
BACKLINKS: [[4, 3, 2, 1],[],[]]  [[4, 3, 2],[1],[]]  [[4, 3, 2],[],[1]]  [[4, 3],[2],[1]]  [[4, 3],[1],[2]]  [[4, 3, 1],[],[2]]  [[4, 3],[],[2, 1]]  [[4],[3],[2, 1]]  [[4, 3, 1],[2],[]]  [[4, 3],[2, 1],[]]  [[4, 1],[3],[2]]  [[4],[3, 1],[2]]  [[4],[2, 1],[3]]  

[[4, 1],[2],[3]], F=12, G=5, H=7
OPEN: [[4, 1],[3],[2]]  [[4],[3, 1],[2]]  [[4, 1],[2],[3]]  
PRI: 13  13  12  
BACKLINKS: [[4, 3, 2, 1],[],[]]  [[4, 3, 2],[1],[]]  [[4, 3, 2],[],[1]]  [[4, 3],[2],[1]]  [[4, 3],[1],[2]]  [[4, 3, 1],[],[2]]  [[4, 3],[],[2, 1]]  [[4],[3],[2, 1]]  [[4, 3, 1],[2],[]]  [[4, 3],[2, 1],[]]  [[4, 1],[3],[2]]  [[4],[3, 1],[2]]  [[4],[2, 1],[3]]  [[4, 1],[2],[3]]  

[[4],[2],[3, 1]], F=11, G=5, H=6
OPEN: [[4, 1],[3],[2]]  [[4],[3, 1],[2]]  [[4, 1],[2],[3]]  [[4],[2],[3, 1]]  
PRI: 13  13  12  11  
BACKLINKS: [[4, 3, 2, 1],[],[]]  [[4, 3, 2],[1],[]]  [[4, 3, 2],[],[1]]  [[4, 3],[2],[1]]  [[4, 3],[1],[2]]  [[4, 3, 1],[],[2]]  [[4, 3],[],[2, 1]]  [[4],[3],[2, 1]]  [[4, 3, 1],[2],[]]  [[4, 3],[2, 1],[]]  [[4, 1],[3],[2]]  [[4],[3, 1],[2]]  [[4],[2, 1],[3]]  [[4, 1],[2],[3]]  [[4],[2],[3, 1]]  

[[4, 2],[],[3, 1]], F=12, G=6, H=6
OPEN: [[4, 1],[3],[2]]  [[4],[3, 1],[2]]  [[4, 1],[2],[3]]  [[4, 2],[],[3, 1]]  
PRI: 13  13  12  12  
BACKLINKS: [[4, 3, 2, 1],[],[]]  [[4, 3, 2],[1],[]]  [[4, 3, 2],[],[1]]  [[4, 3],[2],[1]]  [[4, 3],[1],[2]]  [[4, 3, 1],[],[2]]  [[4, 3],[],[2, 1]]  [[4],[3],[2, 1]]  [[4, 3, 1],[2],[]]  [[4, 3],[2, 1],[]]  [[4, 1],[3],[2]]  [[4],[3, 1],[2]]  [[4],[2, 1],[3]]  [[4, 1],[2],[3]]  [[4],[2],[3, 1]]  [[4, 2],[],[3, 1]]  

[[4, 1],[],[3, 2]], F=11, G=6, H=5
OPEN: [[4, 1],[3],[2]]  [[4],[3, 1],[2]]  [[4, 2],[],[3, 1]]  [[4, 1],[],[3, 2]]  
PRI: 13  13  12  11  
BACKLINKS: [[4, 3, 2, 1],[],[]]  [[4, 3, 2],[1],[]]  [[4, 3, 2],[],[1]]  [[4, 3],[2],[1]]  [[4, 3],[1],[2]]  [[4, 3, 1],[],[2]]  [[4, 3],[],[2, 1]]  [[4],[3],[2, 1]]  [[4, 3, 1],[2],[]]  [[4, 3],[2, 1],[]]  [[4, 1],[3],[2]]  [[4],[3, 1],[2]]  [[4],[2, 1],[3]]  [[4, 1],[2],[3]]  [[4],[2],[3, 1]]  [[4, 2],[],[3, 1]]  [[4, 1],[],[3, 2]]  

[[4],[1],[3, 2]], F=12, G=7, H=5
OPEN: [[4, 1],[3],[2]]  [[4],[3, 1],[2]]  [[4, 2],[],[3, 1]]  [[4],[1],[3, 2]]  
PRI: 13  13  12  12  
BACKLINKS: [[4, 3, 2, 1],[],[]]  [[4, 3, 2],[1],[]]  [[4, 3, 2],[],[1]]  [[4, 3],[2],[1]]  [[4, 3],[1],[2]]  [[4, 3, 1],[],[2]]  [[4, 3],[],[2, 1]]  [[4],[3],[2, 1]]  [[4, 3, 1],[2],[]]  [[4, 3],[2, 1],[]]  [[4, 1],[3],[2]]  [[4],[3, 1],[2]]  [[4],[2, 1],[3]]  [[4, 1],[2],[3]]  [[4],[2],[3, 1]]  [[4, 2],[],[3, 1]]  [[4, 1],[],[3, 2]]  [[4],[1],[3, 2]]  

[[4],[],[3, 2, 1]], F=11, G=7, H=4
OPEN: [[4, 1],[3],[2]]  [[4],[3, 1],[2]]  [[4, 2],[],[3, 1]]  [[4],[1],[3, 2]]  [[4],[],[3, 2, 1]]  
PRI: 13  13  12  12  11  
BACKLINKS: [[4, 3, 2, 1],[],[]]  [[4, 3, 2],[1],[]]  [[4, 3, 2],[],[1]]  [[4, 3],[2],[1]]  [[4, 3],[1],[2]]  [[4, 3, 1],[],[2]]  [[4, 3],[],[2, 1]]  [[4],[3],[2, 1]]  [[4, 3, 1],[2],[]]  [[4, 3],[2, 1],[]]  [[4, 1],[3],[2]]  [[4],[3, 1],[2]]  [[4],[2, 1],[3]]  [[4, 1],[2],[3]]  [[4],[2],[3, 1]]  [[4, 2],[],[3, 1]]  [[4, 1],[],[3, 2]]  [[4],[1],[3, 2]]  [[4],[],[3, 2, 1]]  

[[],[4],[3, 2, 1]], F=12, G=8, H=4
OPEN: [[4, 1],[3],[2]]  [[4],[3, 1],[2]]  [[4, 2],[],[3, 1]]  [[4],[1],[3, 2]]  [[],[4],[3, 2, 1]]  
PRI: 13  13  12  12  12  
BACKLINKS: [[4, 3, 2, 1],[],[]]  [[4, 3, 2],[1],[]]  [[4, 3, 2],[],[1]]  [[4, 3],[2],[1]]  [[4, 3],[1],[2]]  [[4, 3, 1],[],[2]]  [[4, 3],[],[2, 1]]  [[4],[3],[2, 1]]  [[4, 3, 1],[2],[]]  [[4, 3],[2, 1],[]]  [[4, 1],[3],[2]]  [[4],[3, 1],[2]]  [[4],[2, 1],[3]]  [[4, 1],[2],[3]]  [[4],[2],[3, 1]]  [[4, 2],[],[3, 1]]  [[4, 1],[],[3, 2]]  [[4],[1],[3, 2]]  [[4],[],[3, 2, 1]]  [[],[4],[3, 2, 1]]  

[[4, 2, 1],[],[3]], F=14, G=7, H=7
OPEN: [[4, 1],[3],[2]]  [[4],[3, 1],[2]]  [[4],[1],[3, 2]]  [[],[4],[3, 2, 1]]  [[4, 2, 1],[],[3]]  
PRI: 13  13  12  12  14  
BACKLINKS: [[4, 3, 2, 1],[],[]]  [[4, 3, 2],[1],[]]  [[4, 3, 2],[],[1]]  [[4, 3],[2],[1]]  [[4, 3],[1],[2]]  [[4, 3, 1],[],[2]]  [[4, 3],[],[2, 1]]  [[4],[3],[2, 1]]  [[4, 3, 1],[2],[]]  [[4, 3],[2, 1],[]]  [[4, 1],[3],[2]]  [[4],[3, 1],[2]]  [[4],[2, 1],[3]]  [[4, 1],[2],[3]]  [[4],[2],[3, 1]]  [[4, 2],[],[3, 1]]  [[4, 1],[],[3, 2]]  [[4],[1],[3, 2]]  [[4],[],[3, 2, 1]]  [[],[4],[3, 2, 1]]  [[4, 2, 1],[],[3]]  

[[4, 2],[1],[3]], F=14, G=7, H=7
OPEN: [[4, 1],[3],[2]]  [[4],[3, 1],[2]]  [[4],[1],[3, 2]]  [[],[4],[3, 2, 1]]  [[4, 2, 1],[],[3]]  [[4, 2],[1],[3]]  
PRI: 13  13  12  12  14  14  
BACKLINKS: [[4, 3, 2, 1],[],[]]  [[4, 3, 2],[1],[]]  [[4, 3, 2],[],[1]]  [[4, 3],[2],[1]]  [[4, 3],[1],[2]]  [[4, 3, 1],[],[2]]  [[4, 3],[],[2, 1]]  [[4],[3],[2, 1]]  [[4, 3, 1],[2],[]]  [[4, 3],[2, 1],[]]  [[4, 1],[3],[2]]  [[4],[3, 1],[2]]  [[4],[2, 1],[3]]  [[4, 1],[2],[3]]  [[4],[2],[3, 1]]  [[4, 2],[],[3, 1]]  [[4, 1],[],[3, 2]]  [[4],[1],[3, 2]]  [[4],[],[3, 2, 1]]  [[],[4],[3, 2, 1]]  [[4, 2, 1],[],[3]]  [[4, 2],[1],[3]]  

[[1],[4],[3, 2]], F=14, G=9, H=5
OPEN: [[4, 1],[3],[2]]  [[4],[3, 1],[2]]  [[4, 2, 1],[],[3]]  [[4, 2],[1],[3]]  [[1],[4],[3, 2]]  
PRI: 13  13  14  14  14  
BACKLINKS: [[4, 3, 2, 1],[],[]]  [[4, 3, 2],[1],[]]  [[4, 3, 2],[],[1]]  [[4, 3],[2],[1]]  [[4, 3],[1],[2]]  [[4, 3, 1],[],[2]]  [[4, 3],[],[2, 1]]  [[4],[3],[2, 1]]  [[4, 3, 1],[2],[]]  [[4, 3],[2, 1],[]]  [[4, 1],[3],[2]]  [[4],[3, 1],[2]]  [[4],[2, 1],[3]]  [[4, 1],[2],[3]]  [[4],[2],[3, 1]]  [[4, 2],[],[3, 1]]  [[4, 1],[],[3, 2]]  [[4],[1],[3, 2]]  [[4],[],[3, 2, 1]]  [[],[4],[3, 2, 1]]  [[4, 2, 1],[],[3]]  [[4, 2],[1],[3]]  [[1],[4],[3, 2]]  

[[],[4, 1],[3, 2]], F=14, G=9, H=5
OPEN: [[4, 1],[3],[2]]  [[4],[3, 1],[2]]  [[4, 2, 1],[],[3]]  [[4, 2],[1],[3]]  [[1],[4],[3, 2]]  [[],[4, 1],[3, 2]]  
PRI: 13  13  14  14  14  14  
BACKLINKS: [[4, 3, 2, 1],[],[]]  [[4, 3, 2],[1],[]]  [[4, 3, 2],[],[1]]  [[4, 3],[2],[1]]  [[4, 3],[1],[2]]  [[4, 3, 1],[],[2]]  [[4, 3],[],[2, 1]]  [[4],[3],[2, 1]]  [[4, 3, 1],[2],[]]  [[4, 3],[2, 1],[]]  [[4, 1],[3],[2]]  [[4],[3, 1],[2]]  [[4],[2, 1],[3]]  [[4, 1],[2],[3]]  [[4],[2],[3, 1]]  [[4, 2],[],[3, 1]]  [[4, 1],[],[3, 2]]  [[4],[1],[3, 2]]  [[4],[],[3, 2, 1]]  [[],[4],[3, 2, 1]]  [[4, 2, 1],[],[3]]  [[4, 2],[1],[3]]  [[1],[4],[3, 2]]  [[],[4, 1],[3, 2]]  

[[4, 1],[3, 2],[]], F=16, G=6, H=10
OPEN: [[4],[3, 1],[2]]  [[4, 2, 1],[],[3]]  [[4, 2],[1],[3]]  [[1],[4],[3, 2]]  [[],[4, 1],[3, 2]]  [[4, 1],[3, 2],[]]  
PRI: 13  14  14  14  14  16  
BACKLINKS: [[4, 3, 2, 1],[],[]]  [[4, 3, 2],[1],[]]  [[4, 3, 2],[],[1]]  [[4, 3],[2],[1]]  [[4, 3],[1],[2]]  [[4, 3, 1],[],[2]]  [[4, 3],[],[2, 1]]  [[4],[3],[2, 1]]  [[4, 3, 1],[2],[]]  [[4, 3],[2, 1],[]]  [[4, 1],[3],[2]]  [[4],[3, 1],[2]]  [[4],[2, 1],[3]]  [[4, 1],[2],[3]]  [[4],[2],[3, 1]]  [[4, 2],[],[3, 1]]  [[4, 1],[],[3, 2]]  [[4],[1],[3, 2]]  [[4],[],[3, 2, 1]]  [[],[4],[3, 2, 1]]  [[4, 2, 1],[],[3]]  [[4, 2],[1],[3]]  [[1],[4],[3, 2]]  [[],[4, 1],[3, 2]]  [[4, 1],[3, 2],[]]  

[[4, 2],[3, 1],[]], F=16, G=6, H=10
OPEN: [[4, 2, 1],[],[3]]  [[4, 2],[1],[3]]  [[1],[4],[3, 2]]  [[],[4, 1],[3, 2]]  [[4, 1],[3, 2],[]]  [[4, 2],[3, 1],[]]  
PRI: 14  14  14  14  16  16  
BACKLINKS: [[4, 3, 2, 1],[],[]]  [[4, 3, 2],[1],[]]  [[4, 3, 2],[],[1]]  [[4, 3],[2],[1]]  [[4, 3],[1],[2]]  [[4, 3, 1],[],[2]]  [[4, 3],[],[2, 1]]  [[4],[3],[2, 1]]  [[4, 3, 1],[2],[]]  [[4, 3],[2, 1],[]]  [[4, 1],[3],[2]]  [[4],[3, 1],[2]]  [[4],[2, 1],[3]]  [[4, 1],[2],[3]]  [[4],[2],[3, 1]]  [[4, 2],[],[3, 1]]  [[4, 1],[],[3, 2]]  [[4],[1],[3, 2]]  [[4],[],[3, 2, 1]]  [[],[4],[3, 2, 1]]  [[4, 2, 1],[],[3]]  [[4, 2],[1],[3]]  [[1],[4],[3, 2]]  [[],[4, 1],[3, 2]]  [[4, 1],[3, 2],[]]  [[4, 2],[3, 1],[]]  

[[4, 2, 1],[3],[]], F=18, G=8, H=10
OPEN: [[4, 2],[1],[3]]  [[1],[4],[3, 2]]  [[],[4, 1],[3, 2]]  [[4, 1],[3, 2],[]]  [[4, 2],[3, 1],[]]  [[4, 2, 1],[3],[]]  
PRI: 14  14  14  16  16  18  
BACKLINKS: [[4, 3, 2, 1],[],[]]  [[4, 3, 2],[1],[]]  [[4, 3, 2],[],[1]]  [[4, 3],[2],[1]]  [[4, 3],[1],[2]]  [[4, 3, 1],[],[2]]  [[4, 3],[],[2, 1]]  [[4],[3],[2, 1]]  [[4, 3, 1],[2],[]]  [[4, 3],[2, 1],[]]  [[4, 1],[3],[2]]  [[4],[3, 1],[2]]  [[4],[2, 1],[3]]  [[4, 1],[2],[3]]  [[4],[2],[3, 1]]  [[4, 2],[],[3, 1]]  [[4, 1],[],[3, 2]]  [[4],[1],[3, 2]]  [[4],[],[3, 2, 1]]  [[],[4],[3, 2, 1]]  [[4, 2, 1],[],[3]]  [[4, 2],[1],[3]]  [[1],[4],[3, 2]]  [[],[4, 1],[3, 2]]  [[4, 1],[3, 2],[]]  [[4, 2],[3, 1],[]]  [[4, 2, 1],[3],[]]  

[[1],[4, 2],[3]], F=17, G=10, H=7
OPEN: [[],[4, 1],[3, 2]]  [[4, 1],[3, 2],[]]  [[4, 2],[3, 1],[]]  [[4, 2, 1],[3],[]]  [[1],[4, 2],[3]]  
PRI: 14  16  16  18  17  
BACKLINKS: [[4, 3, 2, 1],[],[]]  [[4, 3, 2],[1],[]]  [[4, 3, 2],[],[1]]  [[4, 3],[2],[1]]  [[4, 3],[1],[2]]  [[4, 3, 1],[],[2]]  [[4, 3],[],[2, 1]]  [[4],[3],[2, 1]]  [[4, 3, 1],[2],[]]  [[4, 3],[2, 1],[]]  [[4, 1],[3],[2]]  [[4],[3, 1],[2]]  [[4],[2, 1],[3]]  [[4, 1],[2],[3]]  [[4],[2],[3, 1]]  [[4, 2],[],[3, 1]]  [[4, 1],[],[3, 2]]  [[4],[1],[3, 2]]  [[4],[],[3, 2, 1]]  [[],[4],[3, 2, 1]]  [[4, 2, 1],[],[3]]  [[4, 2],[1],[3]]  [[1],[4],[3, 2]]  [[],[4, 1],[3, 2]]  [[4, 1],[3, 2],[]]  [[4, 2],[3, 1],[]]  [[4, 2, 1],[3],[]]  [[1],[4, 2],[3]]  

[[2],[4, 1],[3]], F=17, G=10, H=7
OPEN: [[4, 1],[3, 2],[]]  [[4, 2],[3, 1],[]]  [[4, 2, 1],[3],[]]  [[1],[4, 2],[3]]  [[2],[4, 1],[3]]  
PRI: 16  16  18  17  17  
BACKLINKS: [[4, 3, 2, 1],[],[]]  [[4, 3, 2],[1],[]]  [[4, 3, 2],[],[1]]  [[4, 3],[2],[1]]  [[4, 3],[1],[2]]  [[4, 3, 1],[],[2]]  [[4, 3],[],[2, 1]]  [[4],[3],[2, 1]]  [[4, 3, 1],[2],[]]  [[4, 3],[2, 1],[]]  [[4, 1],[3],[2]]  [[4],[3, 1],[2]]  [[4],[2, 1],[3]]  [[4, 1],[2],[3]]  [[4],[2],[3, 1]]  [[4, 2],[],[3, 1]]  [[4, 1],[],[3, 2]]  [[4],[1],[3, 2]]  [[4],[],[3, 2, 1]]  [[],[4],[3, 2, 1]]  [[4, 2, 1],[],[3]]  [[4, 2],[1],[3]]  [[1],[4],[3, 2]]  [[],[4, 1],[3, 2]]  [[4, 1],[3, 2],[]]  [[4, 2],[3, 1],[]]  [[4, 2, 1],[3],[]]  [[1],[4, 2],[3]]  [[2],[4, 1],[3]]  

[[4],[3, 2, 1],[]], F=17, G=7, H=10
OPEN: [[4, 2],[3, 1],[]]  [[4, 2, 1],[3],[]]  [[1],[4, 2],[3]]  [[2],[4, 1],[3]]  [[4],[3, 2, 1],[]]  
PRI: 16  18  17  17  17  
BACKLINKS: [[4, 3, 2, 1],[],[]]  [[4, 3, 2],[1],[]]  [[4, 3, 2],[],[1]]  [[4, 3],[2],[1]]  [[4, 3],[1],[2]]  [[4, 3, 1],[],[2]]  [[4, 3],[],[2, 1]]  [[4],[3],[2, 1]]  [[4, 3, 1],[2],[]]  [[4, 3],[2, 1],[]]  [[4, 1],[3],[2]]  [[4],[3, 1],[2]]  [[4],[2, 1],[3]]  [[4, 1],[2],[3]]  [[4],[2],[3, 1]]  [[4, 2],[],[3, 1]]  [[4, 1],[],[3, 2]]  [[4],[1],[3, 2]]  [[4],[],[3, 2, 1]]  [[],[4],[3, 2, 1]]  [[4, 2, 1],[],[3]]  [[4, 2],[1],[3]]  [[1],[4],[3, 2]]  [[],[4, 1],[3, 2]]  [[4, 1],[3, 2],[]]  [[4, 2],[3, 1],[]]  [[4, 2, 1],[3],[]]  [[1],[4, 2],[3]]  [[2],[4, 1],[3]]  [[4],[3, 2, 1],[]]  

[[4],[3, 2],[1]], F=16, G=7, H=9
OPEN: [[4, 2],[3, 1],[]]  [[4, 2, 1],[3],[]]  [[1],[4, 2],[3]]  [[2],[4, 1],[3]]  [[4],[3, 2, 1],[]]  [[4],[3, 2],[1]]  
PRI: 16  18  17  17  17  16  
BACKLINKS: [[4, 3, 2, 1],[],[]]  [[4, 3, 2],[1],[]]  [[4, 3, 2],[],[1]]  [[4, 3],[2],[1]]  [[4, 3],[1],[2]]  [[4, 3, 1],[],[2]]  [[4, 3],[],[2, 1]]  [[4],[3],[2, 1]]  [[4, 3, 1],[2],[]]  [[4, 3],[2, 1],[]]  [[4, 1],[3],[2]]  [[4],[3, 1],[2]]  [[4],[2, 1],[3]]  [[4, 1],[2],[3]]  [[4],[2],[3, 1]]  [[4, 2],[],[3, 1]]  [[4, 1],[],[3, 2]]  [[4],[1],[3, 2]]  [[4],[],[3, 2, 1]]  [[],[4],[3, 2, 1]]  [[4, 2, 1],[],[3]]  [[4, 2],[1],[3]]  [[1],[4],[3, 2]]  [[],[4, 1],[3, 2]]  [[4, 1],[3, 2],[]]  [[4, 2],[3, 1],[]]  [[4, 2, 1],[3],[]]  [[1],[4, 2],[3]]  [[2],[4, 1],[3]]  [[4],[3, 2, 1],[]]  [[4],[3, 2],[1]]  

[[4, 2],[3],[1]], F=16, G=7, H=9
OPEN: [[4, 2, 1],[3],[]]  [[1],[4, 2],[3]]  [[2],[4, 1],[3]]  [[4],[3, 2, 1],[]]  [[4],[3, 2],[1]]  [[4, 2],[3],[1]]  
PRI: 18  17  17  17  16  16  
BACKLINKS: [[4, 3, 2, 1],[],[]]  [[4, 3, 2],[1],[]]  [[4, 3, 2],[],[1]]  [[4, 3],[2],[1]]  [[4, 3],[1],[2]]  [[4, 3, 1],[],[2]]  [[4, 3],[],[2, 1]]  [[4],[3],[2, 1]]  [[4, 3, 1],[2],[]]  [[4, 3],[2, 1],[]]  [[4, 1],[3],[2]]  [[4],[3, 1],[2]]  [[4],[2, 1],[3]]  [[4, 1],[2],[3]]  [[4],[2],[3, 1]]  [[4, 2],[],[3, 1]]  [[4, 1],[],[3, 2]]  [[4],[1],[3, 2]]  [[4],[],[3, 2, 1]]  [[],[4],[3, 2, 1]]  [[4, 2, 1],[],[3]]  [[4, 2],[1],[3]]  [[1],[4],[3, 2]]  [[],[4, 1],[3, 2]]  [[4, 1],[3, 2],[]]  [[4, 2],[3, 1],[]]  [[4, 2, 1],[3],[]]  [[1],[4, 2],[3]]  [[2],[4, 1],[3]]  [[4],[3, 2, 1],[]]  [[4],[3, 2],[1]]  [[4, 2],[3],[1]]  

[[],[4, 2, 1],[3]], F=18, G=11, H=7
OPEN: [[4, 2, 1],[3],[]]  [[2],[4, 1],[3]]  [[4],[3, 2, 1],[]]  [[],[4, 2, 1],[3]]  
PRI: 18  17  17  18  
BACKLINKS: [[4, 3, 2, 1],[],[]]  [[4, 3, 2],[1],[]]  [[4, 3, 2],[],[1]]  [[4, 3],[2],[1]]  [[4, 3],[1],[2]]  [[4, 3, 1],[],[2]]  [[4, 3],[],[2, 1]]  [[4],[3],[2, 1]]  [[4, 3, 1],[2],[]]  [[4, 3],[2, 1],[]]  [[4, 1],[3],[2]]  [[4],[3, 1],[2]]  [[4],[2, 1],[3]]  [[4, 1],[2],[3]]  [[4],[2],[3, 1]]  [[4, 2],[],[3, 1]]  [[4, 1],[],[3, 2]]  [[4],[1],[3, 2]]  [[4],[],[3, 2, 1]]  [[],[4],[3, 2, 1]]  [[4, 2, 1],[],[3]]  [[4, 2],[1],[3]]  [[1],[4],[3, 2]]  [[],[4, 1],[3, 2]]  [[4, 1],[3, 2],[]]  [[4, 2],[3, 1],[]]  [[4, 2, 1],[3],[]]  [[1],[4, 2],[3]]  [[2],[4, 1],[3]]  [[4],[3, 2, 1],[]]  [[4],[3, 2],[1]]  [[4, 2],[3],[1]]  [[],[4, 2, 1],[3]]  

[[],[4, 2],[3, 1]], F=17, G=11, H=6
OPEN: [[4, 2, 1],[3],[]]  [[2],[4, 1],[3]]  [[4],[3, 2, 1],[]]  [[],[4, 2, 1],[3]]  [[],[4, 2],[3, 1]]  
PRI: 18  17  17  18  17  
BACKLINKS: [[4, 3, 2, 1],[],[]]  [[4, 3, 2],[1],[]]  [[4, 3, 2],[],[1]]  [[4, 3],[2],[1]]  [[4, 3],[1],[2]]  [[4, 3, 1],[],[2]]  [[4, 3],[],[2, 1]]  [[4],[3],[2, 1]]  [[4, 3, 1],[2],[]]  [[4, 3],[2, 1],[]]  [[4, 1],[3],[2]]  [[4],[3, 1],[2]]  [[4],[2, 1],[3]]  [[4, 1],[2],[3]]  [[4],[2],[3, 1]]  [[4, 2],[],[3, 1]]  [[4, 1],[],[3, 2]]  [[4],[1],[3, 2]]  [[4],[],[3, 2, 1]]  [[],[4],[3, 2, 1]]  [[4, 2, 1],[],[3]]  [[4, 2],[1],[3]]  [[1],[4],[3, 2]]  [[],[4, 1],[3, 2]]  [[4, 1],[3, 2],[]]  [[4, 2],[3, 1],[]]  [[4, 2, 1],[3],[]]  [[1],[4, 2],[3]]  [[2],[4, 1],[3]]  [[4],[3, 2, 1],[]]  [[4],[3, 2],[1]]  [[4, 2],[3],[1]]  [[],[4, 2, 1],[3]]  [[],[4, 2],[3, 1]]  

[[2, 1],[4],[3]], F=18, G=11, H=7
OPEN: [[4, 2, 1],[3],[]]  [[4],[3, 2, 1],[]]  [[],[4, 2, 1],[3]]  [[],[4, 2],[3, 1]]  [[2, 1],[4],[3]]  
PRI: 18  17  18  17  18  
BACKLINKS: [[4, 3, 2, 1],[],[]]  [[4, 3, 2],[1],[]]  [[4, 3, 2],[],[1]]  [[4, 3],[2],[1]]  [[4, 3],[1],[2]]  [[4, 3, 1],[],[2]]  [[4, 3],[],[2, 1]]  [[4],[3],[2, 1]]  [[4, 3, 1],[2],[]]  [[4, 3],[2, 1],[]]  [[4, 1],[3],[2]]  [[4],[3, 1],[2]]  [[4],[2, 1],[3]]  [[4, 1],[2],[3]]  [[4],[2],[3, 1]]  [[4, 2],[],[3, 1]]  [[4, 1],[],[3, 2]]  [[4],[1],[3, 2]]  [[4],[],[3, 2, 1]]  [[],[4],[3, 2, 1]]  [[4, 2, 1],[],[3]]  [[4, 2],[1],[3]]  [[1],[4],[3, 2]]  [[],[4, 1],[3, 2]]  [[4, 1],[3, 2],[]]  [[4, 2],[3, 1],[]]  [[4, 2, 1],[3],[]]  [[1],[4, 2],[3]]  [[2],[4, 1],[3]]  [[4],[3, 2, 1],[]]  [[4],[3, 2],[1]]  [[4, 2],[3],[1]]  [[],[4, 2, 1],[3]]  [[],[4, 2],[3, 1]]  [[2, 1],[4],[3]]  

[[2],[4],[3, 1]], F=17, G=11, H=6
OPEN: [[4, 2, 1],[3],[]]  [[4],[3, 2, 1],[]]  [[],[4, 2, 1],[3]]  [[],[4, 2],[3, 1]]  [[2, 1],[4],[3]]  [[2],[4],[3, 1]]  
PRI: 18  17  18  17  18  17  
BACKLINKS: [[4, 3, 2, 1],[],[]]  [[4, 3, 2],[1],[]]  [[4, 3, 2],[],[1]]  [[4, 3],[2],[1]]  [[4, 3],[1],[2]]  [[4, 3, 1],[],[2]]  [[4, 3],[],[2, 1]]  [[4],[3],[2, 1]]  [[4, 3, 1],[2],[]]  [[4, 3],[2, 1],[]]  [[4, 1],[3],[2]]  [[4],[3, 1],[2]]  [[4],[2, 1],[3]]  [[4, 1],[2],[3]]  [[4],[2],[3, 1]]  [[4, 2],[],[3, 1]]  [[4, 1],[],[3, 2]]  [[4],[1],[3, 2]]  [[4],[],[3, 2, 1]]  [[],[4],[3, 2, 1]]  [[4, 2, 1],[],[3]]  [[4, 2],[1],[3]]  [[1],[4],[3, 2]]  [[],[4, 1],[3, 2]]  [[4, 1],[3, 2],[]]  [[4, 2],[3, 1],[]]  [[4, 2, 1],[3],[]]  [[1],[4, 2],[3]]  [[2],[4, 1],[3]]  [[4],[3, 2, 1],[]]  [[4],[3, 2],[1]]  [[4, 2],[3],[1]]  [[],[4, 2, 1],[3]]  [[],[4, 2],[3, 1]]  [[2, 1],[4],[3]]  [[2],[4],[3, 1]]  

[[],[3, 2, 1],[4]], F=14, G=8, H=6
OPEN: [[4, 2, 1],[3],[]]  [[],[4, 2, 1],[3]]  [[],[4, 2],[3, 1]]  [[2, 1],[4],[3]]  [[2],[4],[3, 1]]  [[],[3, 2, 1],[4]]  
PRI: 18  18  17  18  17  14  
BACKLINKS: [[4, 3, 2, 1],[],[]]  [[4, 3, 2],[1],[]]  [[4, 3, 2],[],[1]]  [[4, 3],[2],[1]]  [[4, 3],[1],[2]]  [[4, 3, 1],[],[2]]  [[4, 3],[],[2, 1]]  [[4],[3],[2, 1]]  [[4, 3, 1],[2],[]]  [[4, 3],[2, 1],[]]  [[4, 1],[3],[2]]  [[4],[3, 1],[2]]  [[4],[2, 1],[3]]  [[4, 1],[2],[3]]  [[4],[2],[3, 1]]  [[4, 2],[],[3, 1]]  [[4, 1],[],[3, 2]]  [[4],[1],[3, 2]]  [[4],[],[3, 2, 1]]  [[],[4],[3, 2, 1]]  [[4, 2, 1],[],[3]]  [[4, 2],[1],[3]]  [[1],[4],[3, 2]]  [[],[4, 1],[3, 2]]  [[4, 1],[3, 2],[]]  [[4, 2],[3, 1],[]]  [[4, 2, 1],[3],[]]  [[1],[4, 2],[3]]  [[2],[4, 1],[3]]  [[4],[3, 2, 1],[]]  [[4],[3, 2],[1]]  [[4, 2],[3],[1]]  [[],[4, 2, 1],[3]]  [[],[4, 2],[3, 1]]  [[2, 1],[4],[3]]  [[2],[4],[3, 1]]  [[],[3, 2, 1],[4]]  

[[1],[3, 2],[4]], F=15, G=9, H=6
OPEN: [[4, 2, 1],[3],[]]  [[],[4, 2, 1],[3]]  [[],[4, 2],[3, 1]]  [[2, 1],[4],[3]]  [[2],[4],[3, 1]]  [[1],[3, 2],[4]]  
PRI: 18  18  17  18  17  15  
BACKLINKS: [[4, 3, 2, 1],[],[]]  [[4, 3, 2],[1],[]]  [[4, 3, 2],[],[1]]  [[4, 3],[2],[1]]  [[4, 3],[1],[2]]  [[4, 3, 1],[],[2]]  [[4, 3],[],[2, 1]]  [[4],[3],[2, 1]]  [[4, 3, 1],[2],[]]  [[4, 3],[2, 1],[]]  [[4, 1],[3],[2]]  [[4],[3, 1],[2]]  [[4],[2, 1],[3]]  [[4, 1],[2],[3]]  [[4],[2],[3, 1]]  [[4, 2],[],[3, 1]]  [[4, 1],[],[3, 2]]  [[4],[1],[3, 2]]  [[4],[],[3, 2, 1]]  [[],[4],[3, 2, 1]]  [[4, 2, 1],[],[3]]  [[4, 2],[1],[3]]  [[1],[4],[3, 2]]  [[],[4, 1],[3, 2]]  [[4, 1],[3, 2],[]]  [[4, 2],[3, 1],[]]  [[4, 2, 1],[3],[]]  [[1],[4, 2],[3]]  [[2],[4, 1],[3]]  [[4],[3, 2, 1],[]]  [[4],[3, 2],[1]]  [[4, 2],[3],[1]]  [[],[4, 2, 1],[3]]  [[],[4, 2],[3, 1]]  [[2, 1],[4],[3]]  [[2],[4],[3, 1]]  [[],[3, 2, 1],[4]]  [[1],[3, 2],[4]]  

[[],[3, 2],[4, 1]], F=14, G=9, H=5
OPEN: [[4, 2, 1],[3],[]]  [[],[4, 2, 1],[3]]  [[],[4, 2],[3, 1]]  [[2, 1],[4],[3]]  [[2],[4],[3, 1]]  [[1],[3, 2],[4]]  [[],[3, 2],[4, 1]]  
PRI: 18  18  17  18  17  15  14  
BACKLINKS: [[4, 3, 2, 1],[],[]]  [[4, 3, 2],[1],[]]  [[4, 3, 2],[],[1]]  [[4, 3],[2],[1]]  [[4, 3],[1],[2]]  [[4, 3, 1],[],[2]]  [[4, 3],[],[2, 1]]  [[4],[3],[2, 1]]  [[4, 3, 1],[2],[]]  [[4, 3],[2, 1],[]]  [[4, 1],[3],[2]]  [[4],[3, 1],[2]]  [[4],[2, 1],[3]]  [[4, 1],[2],[3]]  [[4],[2],[3, 1]]  [[4, 2],[],[3, 1]]  [[4, 1],[],[3, 2]]  [[4],[1],[3, 2]]  [[4],[],[3, 2, 1]]  [[],[4],[3, 2, 1]]  [[4, 2, 1],[],[3]]  [[4, 2],[1],[3]]  [[1],[4],[3, 2]]  [[],[4, 1],[3, 2]]  [[4, 1],[3, 2],[]]  [[4, 2],[3, 1],[]]  [[4, 2, 1],[3],[]]  [[1],[4, 2],[3]]  [[2],[4, 1],[3]]  [[4],[3, 2, 1],[]]  [[4],[3, 2],[1]]  [[4, 2],[3],[1]]  [[],[4, 2, 1],[3]]  [[],[4, 2],[3, 1]]  [[2, 1],[4],[3]]  [[2],[4],[3, 1]]  [[],[3, 2, 1],[4]]  [[1],[3, 2],[4]]  [[],[3, 2],[4, 1]]  

[[2],[3],[4, 1]], F=15, G=10, H=5
OPEN: [[4, 2, 1],[3],[]]  [[],[4, 2, 1],[3]]  [[],[4, 2],[3, 1]]  [[2, 1],[4],[3]]  [[2],[4],[3, 1]]  [[1],[3, 2],[4]]  [[2],[3],[4, 1]]  
PRI: 18  18  17  18  17  15  15  
BACKLINKS: [[4, 3, 2, 1],[],[]]  [[4, 3, 2],[1],[]]  [[4, 3, 2],[],[1]]  [[4, 3],[2],[1]]  [[4, 3],[1],[2]]  [[4, 3, 1],[],[2]]  [[4, 3],[],[2, 1]]  [[4],[3],[2, 1]]  [[4, 3, 1],[2],[]]  [[4, 3],[2, 1],[]]  [[4, 1],[3],[2]]  [[4],[3, 1],[2]]  [[4],[2, 1],[3]]  [[4, 1],[2],[3]]  [[4],[2],[3, 1]]  [[4, 2],[],[3, 1]]  [[4, 1],[],[3, 2]]  [[4],[1],[3, 2]]  [[4],[],[3, 2, 1]]  [[],[4],[3, 2, 1]]  [[4, 2, 1],[],[3]]  [[4, 2],[1],[3]]  [[1],[4],[3, 2]]  [[],[4, 1],[3, 2]]  [[4, 1],[3, 2],[]]  [[4, 2],[3, 1],[]]  [[4, 2, 1],[3],[]]  [[1],[4, 2],[3]]  [[2],[4, 1],[3]]  [[4],[3, 2, 1],[]]  [[4],[3, 2],[1]]  [[4, 2],[3],[1]]  [[],[4, 2, 1],[3]]  [[],[4, 2],[3, 1]]  [[2, 1],[4],[3]]  [[2],[4],[3, 1]]  [[],[3, 2, 1],[4]]  [[1],[3, 2],[4]]  [[],[3, 2],[4, 1]]  [[2],[3],[4, 1]]  

[[1],[3],[4, 2]], F=14, G=10, H=4
OPEN: [[4, 2, 1],[3],[]]  [[],[4, 2, 1],[3]]  [[],[4, 2],[3, 1]]  [[2, 1],[4],[3]]  [[2],[4],[3, 1]]  [[2],[3],[4, 1]]  [[1],[3],[4, 2]]  
PRI: 18  18  17  18  17  15  14  
BACKLINKS: [[4, 3, 2, 1],[],[]]  [[4, 3, 2],[1],[]]  [[4, 3, 2],[],[1]]  [[4, 3],[2],[1]]  [[4, 3],[1],[2]]  [[4, 3, 1],[],[2]]  [[4, 3],[],[2, 1]]  [[4],[3],[2, 1]]  [[4, 3, 1],[2],[]]  [[4, 3],[2, 1],[]]  [[4, 1],[3],[2]]  [[4],[3, 1],[2]]  [[4],[2, 1],[3]]  [[4, 1],[2],[3]]  [[4],[2],[3, 1]]  [[4, 2],[],[3, 1]]  [[4, 1],[],[3, 2]]  [[4],[1],[3, 2]]  [[4],[],[3, 2, 1]]  [[],[4],[3, 2, 1]]  [[4, 2, 1],[],[3]]  [[4, 2],[1],[3]]  [[1],[4],[3, 2]]  [[],[4, 1],[3, 2]]  [[4, 1],[3, 2],[]]  [[4, 2],[3, 1],[]]  [[4, 2, 1],[3],[]]  [[1],[4, 2],[3]]  [[2],[4, 1],[3]]  [[4],[3, 2, 1],[]]  [[4],[3, 2],[1]]  [[4, 2],[3],[1]]  [[],[4, 2, 1],[3]]  [[],[4, 2],[3, 1]]  [[2, 1],[4],[3]]  [[2],[4],[3, 1]]  [[],[3, 2, 1],[4]]  [[1],[3, 2],[4]]  [[],[3, 2],[4, 1]]  [[2],[3],[4, 1]]  [[1],[3],[4, 2]]  

[[],[3, 1],[4, 2]], F=15, G=11, H=4
OPEN: [[4, 2, 1],[3],[]]  [[],[4, 2, 1],[3]]  [[],[4, 2],[3, 1]]  [[2, 1],[4],[3]]  [[2],[4],[3, 1]]  [[2],[3],[4, 1]]  [[],[3, 1],[4, 2]]  
PRI: 18  18  17  18  17  15  15  
BACKLINKS: [[4, 3, 2, 1],[],[]]  [[4, 3, 2],[1],[]]  [[4, 3, 2],[],[1]]  [[4, 3],[2],[1]]  [[4, 3],[1],[2]]  [[4, 3, 1],[],[2]]  [[4, 3],[],[2, 1]]  [[4],[3],[2, 1]]  [[4, 3, 1],[2],[]]  [[4, 3],[2, 1],[]]  [[4, 1],[3],[2]]  [[4],[3, 1],[2]]  [[4],[2, 1],[3]]  [[4, 1],[2],[3]]  [[4],[2],[3, 1]]  [[4, 2],[],[3, 1]]  [[4, 1],[],[3, 2]]  [[4],[1],[3, 2]]  [[4],[],[3, 2, 1]]  [[],[4],[3, 2, 1]]  [[4, 2, 1],[],[3]]  [[4, 2],[1],[3]]  [[1],[4],[3, 2]]  [[],[4, 1],[3, 2]]  [[4, 1],[3, 2],[]]  [[4, 2],[3, 1],[]]  [[4, 2, 1],[3],[]]  [[1],[4, 2],[3]]  [[2],[4, 1],[3]]  [[4],[3, 2, 1],[]]  [[4],[3, 2],[1]]  [[4, 2],[3],[1]]  [[],[4, 2, 1],[3]]  [[],[4, 2],[3, 1]]  [[2, 1],[4],[3]]  [[2],[4],[3, 1]]  [[],[3, 2, 1],[4]]  [[1],[3, 2],[4]]  [[],[3, 2],[4, 1]]  [[2],[3],[4, 1]]  [[1],[3],[4, 2]]  [[],[3, 1],[4, 2]]  

[[],[3],[4, 2, 1]], F=14, G=11, H=3
OPEN: [[4, 2, 1],[3],[]]  [[],[4, 2, 1],[3]]  [[],[4, 2],[3, 1]]  [[2, 1],[4],[3]]  [[2],[4],[3, 1]]  [[2],[3],[4, 1]]  [[],[3, 1],[4, 2]]  [[],[3],[4, 2, 1]]  
PRI: 18  18  17  18  17  15  15  14  
BACKLINKS: [[4, 3, 2, 1],[],[]]  [[4, 3, 2],[1],[]]  [[4, 3, 2],[],[1]]  [[4, 3],[2],[1]]  [[4, 3],[1],[2]]  [[4, 3, 1],[],[2]]  [[4, 3],[],[2, 1]]  [[4],[3],[2, 1]]  [[4, 3, 1],[2],[]]  [[4, 3],[2, 1],[]]  [[4, 1],[3],[2]]  [[4],[3, 1],[2]]  [[4],[2, 1],[3]]  [[4, 1],[2],[3]]  [[4],[2],[3, 1]]  [[4, 2],[],[3, 1]]  [[4, 1],[],[3, 2]]  [[4],[1],[3, 2]]  [[4],[],[3, 2, 1]]  [[],[4],[3, 2, 1]]  [[4, 2, 1],[],[3]]  [[4, 2],[1],[3]]  [[1],[4],[3, 2]]  [[],[4, 1],[3, 2]]  [[4, 1],[3, 2],[]]  [[4, 2],[3, 1],[]]  [[4, 2, 1],[3],[]]  [[1],[4, 2],[3]]  [[2],[4, 1],[3]]  [[4],[3, 2, 1],[]]  [[4],[3, 2],[1]]  [[4, 2],[3],[1]]  [[],[4, 2, 1],[3]]  [[],[4, 2],[3, 1]]  [[2, 1],[4],[3]]  [[2],[4],[3, 1]]  [[],[3, 2, 1],[4]]  [[1],[3, 2],[4]]  [[],[3, 2],[4, 1]]  [[2],[3],[4, 1]]  [[1],[3],[4, 2]]  [[],[3, 1],[4, 2]]  [[],[3],[4, 2, 1]]  

[[3],[],[4, 2, 1]], F=15, G=12, H=3
OPEN: [[4, 2, 1],[3],[]]  [[],[4, 2, 1],[3]]  [[],[4, 2],[3, 1]]  [[2, 1],[4],[3]]  [[2],[4],[3, 1]]  [[2],[3],[4, 1]]  [[],[3, 1],[4, 2]]  [[3],[],[4, 2, 1]]  
PRI: 18  18  17  18  17  15  15  15  
BACKLINKS: [[4, 3, 2, 1],[],[]]  [[4, 3, 2],[1],[]]  [[4, 3, 2],[],[1]]  [[4, 3],[2],[1]]  [[4, 3],[1],[2]]  [[4, 3, 1],[],[2]]  [[4, 3],[],[2, 1]]  [[4],[3],[2, 1]]  [[4, 3, 1],[2],[]]  [[4, 3],[2, 1],[]]  [[4, 1],[3],[2]]  [[4],[3, 1],[2]]  [[4],[2, 1],[3]]  [[4, 1],[2],[3]]  [[4],[2],[3, 1]]  [[4, 2],[],[3, 1]]  [[4, 1],[],[3, 2]]  [[4],[1],[3, 2]]  [[4],[],[3, 2, 1]]  [[],[4],[3, 2, 1]]  [[4, 2, 1],[],[3]]  [[4, 2],[1],[3]]  [[1],[4],[3, 2]]  [[],[4, 1],[3, 2]]  [[4, 1],[3, 2],[]]  [[4, 2],[3, 1],[]]  [[4, 2, 1],[3],[]]  [[1],[4, 2],[3]]  [[2],[4, 1],[3]]  [[4],[3, 2, 1],[]]  [[4],[3, 2],[1]]  [[4, 2],[3],[1]]  [[],[4, 2, 1],[3]]  [[],[4, 2],[3, 1]]  [[2, 1],[4],[3]]  [[2],[4],[3, 1]]  [[],[3, 2, 1],[4]]  [[1],[3, 2],[4]]  [[],[3, 2],[4, 1]]  [[2],[3],[4, 1]]  [[1],[3],[4, 2]]  [[],[3, 1],[4, 2]]  [[],[3],[4, 2, 1]]  [[3],[],[4, 2, 1]]  

[[2, 1],[3],[4]], F=17, G=11, H=6
OPEN: [[4, 2, 1],[3],[]]  [[],[4, 2, 1],[3]]  [[],[4, 2],[3, 1]]  [[2, 1],[4],[3]]  [[2],[4],[3, 1]]  [[],[3, 1],[4, 2]]  [[3],[],[4, 2, 1]]  [[2, 1],[3],[4]]  
PRI: 18  18  17  18  17  15  15  17  
BACKLINKS: [[4, 3, 2, 1],[],[]]  [[4, 3, 2],[1],[]]  [[4, 3, 2],[],[1]]  [[4, 3],[2],[1]]  [[4, 3],[1],[2]]  [[4, 3, 1],[],[2]]  [[4, 3],[],[2, 1]]  [[4],[3],[2, 1]]  [[4, 3, 1],[2],[]]  [[4, 3],[2, 1],[]]  [[4, 1],[3],[2]]  [[4],[3, 1],[2]]  [[4],[2, 1],[3]]  [[4, 1],[2],[3]]  [[4],[2],[3, 1]]  [[4, 2],[],[3, 1]]  [[4, 1],[],[3, 2]]  [[4],[1],[3, 2]]  [[4],[],[3, 2, 1]]  [[],[4],[3, 2, 1]]  [[4, 2, 1],[],[3]]  [[4, 2],[1],[3]]  [[1],[4],[3, 2]]  [[],[4, 1],[3, 2]]  [[4, 1],[3, 2],[]]  [[4, 2],[3, 1],[]]  [[4, 2, 1],[3],[]]  [[1],[4, 2],[3]]  [[2],[4, 1],[3]]  [[4],[3, 2, 1],[]]  [[4],[3, 2],[1]]  [[4, 2],[3],[1]]  [[],[4, 2, 1],[3]]  [[],[4, 2],[3, 1]]  [[2, 1],[4],[3]]  [[2],[4],[3, 1]]  [[],[3, 2, 1],[4]]  [[1],[3, 2],[4]]  [[],[3, 2],[4, 1]]  [[2],[3],[4, 1]]  [[1],[3],[4, 2]]  [[],[3, 1],[4, 2]]  [[],[3],[4, 2, 1]]  [[3],[],[4, 2, 1]]  [[2, 1],[3],[4]]  

[[2],[3, 1],[4]], F=17, G=11, H=6
OPEN: [[4, 2, 1],[3],[]]  [[],[4, 2, 1],[3]]  [[],[4, 2],[3, 1]]  [[2, 1],[4],[3]]  [[2],[4],[3, 1]]  [[],[3, 1],[4, 2]]  [[3],[],[4, 2, 1]]  [[2, 1],[3],[4]]  [[2],[3, 1],[4]]  
PRI: 18  18  17  18  17  15  15  17  17  
BACKLINKS: [[4, 3, 2, 1],[],[]]  [[4, 3, 2],[1],[]]  [[4, 3, 2],[],[1]]  [[4, 3],[2],[1]]  [[4, 3],[1],[2]]  [[4, 3, 1],[],[2]]  [[4, 3],[],[2, 1]]  [[4],[3],[2, 1]]  [[4, 3, 1],[2],[]]  [[4, 3],[2, 1],[]]  [[4, 1],[3],[2]]  [[4],[3, 1],[2]]  [[4],[2, 1],[3]]  [[4, 1],[2],[3]]  [[4],[2],[3, 1]]  [[4, 2],[],[3, 1]]  [[4, 1],[],[3, 2]]  [[4],[1],[3, 2]]  [[4],[],[3, 2, 1]]  [[],[4],[3, 2, 1]]  [[4, 2, 1],[],[3]]  [[4, 2],[1],[3]]  [[1],[4],[3, 2]]  [[],[4, 1],[3, 2]]  [[4, 1],[3, 2],[]]  [[4, 2],[3, 1],[]]  [[4, 2, 1],[3],[]]  [[1],[4, 2],[3]]  [[2],[4, 1],[3]]  [[4],[3, 2, 1],[]]  [[4],[3, 2],[1]]  [[4, 2],[3],[1]]  [[],[4, 2, 1],[3]]  [[],[4, 2],[3, 1]]  [[2, 1],[4],[3]]  [[2],[4],[3, 1]]  [[],[3, 2, 1],[4]]  [[1],[3, 2],[4]]  [[],[3, 2],[4, 1]]  [[2],[3],[4, 1]]  [[1],[3],[4, 2]]  [[],[3, 1],[4, 2]]  [[],[3],[4, 2, 1]]  [[3],[],[4, 2, 1]]  [[2, 1],[3],[4]]  [[2],[3, 1],[4]]  

[[3, 1],[],[4, 2]], F=17, G=13, H=4
OPEN: [[4, 2, 1],[3],[]]  [[],[4, 2, 1],[3]]  [[],[4, 2],[3, 1]]  [[2, 1],[4],[3]]  [[2],[4],[3, 1]]  [[2, 1],[3],[4]]  [[2],[3, 1],[4]]  [[3, 1],[],[4, 2]]  
PRI: 18  18  17  18  17  17  17  17  
BACKLINKS: [[4, 3, 2, 1],[],[]]  [[4, 3, 2],[1],[]]  [[4, 3, 2],[],[1]]  [[4, 3],[2],[1]]  [[4, 3],[1],[2]]  [[4, 3, 1],[],[2]]  [[4, 3],[],[2, 1]]  [[4],[3],[2, 1]]  [[4, 3, 1],[2],[]]  [[4, 3],[2, 1],[]]  [[4, 1],[3],[2]]  [[4],[3, 1],[2]]  [[4],[2, 1],[3]]  [[4, 1],[2],[3]]  [[4],[2],[3, 1]]  [[4, 2],[],[3, 1]]  [[4, 1],[],[3, 2]]  [[4],[1],[3, 2]]  [[4],[],[3, 2, 1]]  [[],[4],[3, 2, 1]]  [[4, 2, 1],[],[3]]  [[4, 2],[1],[3]]  [[1],[4],[3, 2]]  [[],[4, 1],[3, 2]]  [[4, 1],[3, 2],[]]  [[4, 2],[3, 1],[]]  [[4, 2, 1],[3],[]]  [[1],[4, 2],[3]]  [[2],[4, 1],[3]]  [[4],[3, 2, 1],[]]  [[4],[3, 2],[1]]  [[4, 2],[3],[1]]  [[],[4, 2, 1],[3]]  [[],[4, 2],[3, 1]]  [[2, 1],[4],[3]]  [[2],[4],[3, 1]]  [[],[3, 2, 1],[4]]  [[1],[3, 2],[4]]  [[],[3, 2],[4, 1]]  [[2],[3],[4, 1]]  [[1],[3],[4, 2]]  [[],[3, 1],[4, 2]]  [[],[3],[4, 2, 1]]  [[3],[],[4, 2, 1]]  [[2, 1],[3],[4]]  [[2],[3, 1],[4]]  [[3, 1],[],[4, 2]]  

[[3],[1],[4, 2]], F=17, G=13, H=4
OPEN: [[4, 2, 1],[3],[]]  [[],[4, 2, 1],[3]]  [[],[4, 2],[3, 1]]  [[2, 1],[4],[3]]  [[2],[4],[3, 1]]  [[2, 1],[3],[4]]  [[2],[3, 1],[4]]  [[3, 1],[],[4, 2]]  [[3],[1],[4, 2]]  
PRI: 18  18  17  18  17  17  17  17  17  
BACKLINKS: [[4, 3, 2, 1],[],[]]  [[4, 3, 2],[1],[]]  [[4, 3, 2],[],[1]]  [[4, 3],[2],[1]]  [[4, 3],[1],[2]]  [[4, 3, 1],[],[2]]  [[4, 3],[],[2, 1]]  [[4],[3],[2, 1]]  [[4, 3, 1],[2],[]]  [[4, 3],[2, 1],[]]  [[4, 1],[3],[2]]  [[4],[3, 1],[2]]  [[4],[2, 1],[3]]  [[4, 1],[2],[3]]  [[4],[2],[3, 1]]  [[4, 2],[],[3, 1]]  [[4, 1],[],[3, 2]]  [[4],[1],[3, 2]]  [[4],[],[3, 2, 1]]  [[],[4],[3, 2, 1]]  [[4, 2, 1],[],[3]]  [[4, 2],[1],[3]]  [[1],[4],[3, 2]]  [[],[4, 1],[3, 2]]  [[4, 1],[3, 2],[]]  [[4, 2],[3, 1],[]]  [[4, 2, 1],[3],[]]  [[1],[4, 2],[3]]  [[2],[4, 1],[3]]  [[4],[3, 2, 1],[]]  [[4],[3, 2],[1]]  [[4, 2],[3],[1]]  [[],[4, 2, 1],[3]]  [[],[4, 2],[3, 1]]  [[2, 1],[4],[3]]  [[2],[4],[3, 1]]  [[],[3, 2, 1],[4]]  [[1],[3, 2],[4]]  [[],[3, 2],[4, 1]]  [[2],[3],[4, 1]]  [[1],[3],[4, 2]]  [[],[3, 1],[4, 2]]  [[],[3],[4, 2, 1]]  [[3],[],[4, 2, 1]]  [[2, 1],[3],[4]]  [[2],[3, 1],[4]]  [[3, 1],[],[4, 2]]  [[3],[1],[4, 2]]  

[[2, 1],[],[4, 3]], F=15, G=12, H=3
OPEN: [[4, 2, 1],[3],[]]  [[],[4, 2, 1],[3]]  [[2, 1],[4],[3]]  [[2],[3, 1],[4]]  [[3, 1],[],[4, 2]]  [[3],[1],[4, 2]]  [[2, 1],[],[4, 3]]  
PRI: 18  18  18  17  17  17  15  
BACKLINKS: [[4, 3, 2, 1],[],[]]  [[4, 3, 2],[1],[]]  [[4, 3, 2],[],[1]]  [[4, 3],[2],[1]]  [[4, 3],[1],[2]]  [[4, 3, 1],[],[2]]  [[4, 3],[],[2, 1]]  [[4],[3],[2, 1]]  [[4, 3, 1],[2],[]]  [[4, 3],[2, 1],[]]  [[4, 1],[3],[2]]  [[4],[3, 1],[2]]  [[4],[2, 1],[3]]  [[4, 1],[2],[3]]  [[4],[2],[3, 1]]  [[4, 2],[],[3, 1]]  [[4, 1],[],[3, 2]]  [[4],[1],[3, 2]]  [[4],[],[3, 2, 1]]  [[],[4],[3, 2, 1]]  [[4, 2, 1],[],[3]]  [[4, 2],[1],[3]]  [[1],[4],[3, 2]]  [[],[4, 1],[3, 2]]  [[4, 1],[3, 2],[]]  [[4, 2],[3, 1],[]]  [[4, 2, 1],[3],[]]  [[1],[4, 2],[3]]  [[2],[4, 1],[3]]  [[4],[3, 2, 1],[]]  [[4],[3, 2],[1]]  [[4, 2],[3],[1]]  [[],[4, 2, 1],[3]]  [[],[4, 2],[3, 1]]  [[2, 1],[4],[3]]  [[2],[4],[3, 1]]  [[],[3, 2, 1],[4]]  [[1],[3, 2],[4]]  [[],[3, 2],[4, 1]]  [[2],[3],[4, 1]]  [[1],[3],[4, 2]]  [[],[3, 1],[4, 2]]  [[],[3],[4, 2, 1]]  [[3],[],[4, 2, 1]]  [[2, 1],[3],[4]]  [[2],[3, 1],[4]]  [[3, 1],[],[4, 2]]  [[3],[1],[4, 2]]  [[2, 1],[],[4, 3]]  

[[2],[1],[4, 3]], F=16, G=13, H=3
OPEN: [[4, 2, 1],[3],[]]  [[],[4, 2, 1],[3]]  [[2, 1],[4],[3]]  [[2],[3, 1],[4]]  [[3, 1],[],[4, 2]]  [[3],[1],[4, 2]]  [[2],[1],[4, 3]]  
PRI: 18  18  18  17  17  17  16  
BACKLINKS: [[4, 3, 2, 1],[],[]]  [[4, 3, 2],[1],[]]  [[4, 3, 2],[],[1]]  [[4, 3],[2],[1]]  [[4, 3],[1],[2]]  [[4, 3, 1],[],[2]]  [[4, 3],[],[2, 1]]  [[4],[3],[2, 1]]  [[4, 3, 1],[2],[]]  [[4, 3],[2, 1],[]]  [[4, 1],[3],[2]]  [[4],[3, 1],[2]]  [[4],[2, 1],[3]]  [[4, 1],[2],[3]]  [[4],[2],[3, 1]]  [[4, 2],[],[3, 1]]  [[4, 1],[],[3, 2]]  [[4],[1],[3, 2]]  [[4],[],[3, 2, 1]]  [[],[4],[3, 2, 1]]  [[4, 2, 1],[],[3]]  [[4, 2],[1],[3]]  [[1],[4],[3, 2]]  [[],[4, 1],[3, 2]]  [[4, 1],[3, 2],[]]  [[4, 2],[3, 1],[]]  [[4, 2, 1],[3],[]]  [[1],[4, 2],[3]]  [[2],[4, 1],[3]]  [[4],[3, 2, 1],[]]  [[4],[3, 2],[1]]  [[4, 2],[3],[1]]  [[],[4, 2, 1],[3]]  [[],[4, 2],[3, 1]]  [[2, 1],[4],[3]]  [[2],[4],[3, 1]]  [[],[3, 2, 1],[4]]  [[1],[3, 2],[4]]  [[],[3, 2],[4, 1]]  [[2],[3],[4, 1]]  [[1],[3],[4, 2]]  [[],[3, 1],[4, 2]]  [[],[3],[4, 2, 1]]  [[3],[],[4, 2, 1]]  [[2, 1],[3],[4]]  [[2],[3, 1],[4]]  [[3, 1],[],[4, 2]]  [[3],[1],[4, 2]]  [[2, 1],[],[4, 3]]  [[2],[1],[4, 3]]  

[[2],[],[4, 3, 1]], F=15, G=13, H=2
OPEN: [[4, 2, 1],[3],[]]  [[],[4, 2, 1],[3]]  [[2, 1],[4],[3]]  [[2],[3, 1],[4]]  [[3, 1],[],[4, 2]]  [[3],[1],[4, 2]]  [[2],[1],[4, 3]]  [[2],[],[4, 3, 1]]  
PRI: 18  18  18  17  17  17  16  15  
BACKLINKS: [[4, 3, 2, 1],[],[]]  [[4, 3, 2],[1],[]]  [[4, 3, 2],[],[1]]  [[4, 3],[2],[1]]  [[4, 3],[1],[2]]  [[4, 3, 1],[],[2]]  [[4, 3],[],[2, 1]]  [[4],[3],[2, 1]]  [[4, 3, 1],[2],[]]  [[4, 3],[2, 1],[]]  [[4, 1],[3],[2]]  [[4],[3, 1],[2]]  [[4],[2, 1],[3]]  [[4, 1],[2],[3]]  [[4],[2],[3, 1]]  [[4, 2],[],[3, 1]]  [[4, 1],[],[3, 2]]  [[4],[1],[3, 2]]  [[4],[],[3, 2, 1]]  [[],[4],[3, 2, 1]]  [[4, 2, 1],[],[3]]  [[4, 2],[1],[3]]  [[1],[4],[3, 2]]  [[],[4, 1],[3, 2]]  [[4, 1],[3, 2],[]]  [[4, 2],[3, 1],[]]  [[4, 2, 1],[3],[]]  [[1],[4, 2],[3]]  [[2],[4, 1],[3]]  [[4],[3, 2, 1],[]]  [[4],[3, 2],[1]]  [[4, 2],[3],[1]]  [[],[4, 2, 1],[3]]  [[],[4, 2],[3, 1]]  [[2, 1],[4],[3]]  [[2],[4],[3, 1]]  [[],[3, 2, 1],[4]]  [[1],[3, 2],[4]]  [[],[3, 2],[4, 1]]  [[2],[3],[4, 1]]  [[1],[3],[4, 2]]  [[],[3, 1],[4, 2]]  [[],[3],[4, 2, 1]]  [[3],[],[4, 2, 1]]  [[2, 1],[3],[4]]  [[2],[3, 1],[4]]  [[3, 1],[],[4, 2]]  [[3],[1],[4, 2]]  [[2, 1],[],[4, 3]]  [[2],[1],[4, 3]]  [[2],[],[4, 3, 1]]  

[[],[2],[4, 3, 1]], F=16, G=14, H=2
OPEN: [[4, 2, 1],[3],[]]  [[],[4, 2, 1],[3]]  [[2, 1],[4],[3]]  [[2],[3, 1],[4]]  [[3, 1],[],[4, 2]]  [[3],[1],[4, 2]]  [[2],[1],[4, 3]]  [[],[2],[4, 3, 1]]  
PRI: 18  18  18  17  17  17  16  16  
BACKLINKS: [[4, 3, 2, 1],[],[]]  [[4, 3, 2],[1],[]]  [[4, 3, 2],[],[1]]  [[4, 3],[2],[1]]  [[4, 3],[1],[2]]  [[4, 3, 1],[],[2]]  [[4, 3],[],[2, 1]]  [[4],[3],[2, 1]]  [[4, 3, 1],[2],[]]  [[4, 3],[2, 1],[]]  [[4, 1],[3],[2]]  [[4],[3, 1],[2]]  [[4],[2, 1],[3]]  [[4, 1],[2],[3]]  [[4],[2],[3, 1]]  [[4, 2],[],[3, 1]]  [[4, 1],[],[3, 2]]  [[4],[1],[3, 2]]  [[4],[],[3, 2, 1]]  [[],[4],[3, 2, 1]]  [[4, 2, 1],[],[3]]  [[4, 2],[1],[3]]  [[1],[4],[3, 2]]  [[],[4, 1],[3, 2]]  [[4, 1],[3, 2],[]]  [[4, 2],[3, 1],[]]  [[4, 2, 1],[3],[]]  [[1],[4, 2],[3]]  [[2],[4, 1],[3]]  [[4],[3, 2, 1],[]]  [[4],[3, 2],[1]]  [[4, 2],[3],[1]]  [[],[4, 2, 1],[3]]  [[],[4, 2],[3, 1]]  [[2, 1],[4],[3]]  [[2],[4],[3, 1]]  [[],[3, 2, 1],[4]]  [[1],[3, 2],[4]]  [[],[3, 2],[4, 1]]  [[2],[3],[4, 1]]  [[1],[3],[4, 2]]  [[],[3, 1],[4, 2]]  [[],[3],[4, 2, 1]]  [[3],[],[4, 2, 1]]  [[2, 1],[3],[4]]  [[2],[3, 1],[4]]  [[3, 1],[],[4, 2]]  [[3],[1],[4, 2]]  [[2, 1],[],[4, 3]]  [[2],[1],[4, 3]]  [[2],[],[4, 3, 1]]  [[],[2],[4, 3, 1]]  

[[],[1],[4, 3, 2]], F=15, G=14, H=1
OPEN: [[4, 2, 1],[3],[]]  [[],[4, 2, 1],[3]]  [[2, 1],[4],[3]]  [[2],[3, 1],[4]]  [[3, 1],[],[4, 2]]  [[3],[1],[4, 2]]  [[],[2],[4, 3, 1]]  [[],[1],[4, 3, 2]]  
PRI: 18  18  18  17  17  17  16  15  
BACKLINKS: [[4, 3, 2, 1],[],[]]  [[4, 3, 2],[1],[]]  [[4, 3, 2],[],[1]]  [[4, 3],[2],[1]]  [[4, 3],[1],[2]]  [[4, 3, 1],[],[2]]  [[4, 3],[],[2, 1]]  [[4],[3],[2, 1]]  [[4, 3, 1],[2],[]]  [[4, 3],[2, 1],[]]  [[4, 1],[3],[2]]  [[4],[3, 1],[2]]  [[4],[2, 1],[3]]  [[4, 1],[2],[3]]  [[4],[2],[3, 1]]  [[4, 2],[],[3, 1]]  [[4, 1],[],[3, 2]]  [[4],[1],[3, 2]]  [[4],[],[3, 2, 1]]  [[],[4],[3, 2, 1]]  [[4, 2, 1],[],[3]]  [[4, 2],[1],[3]]  [[1],[4],[3, 2]]  [[],[4, 1],[3, 2]]  [[4, 1],[3, 2],[]]  [[4, 2],[3, 1],[]]  [[4, 2, 1],[3],[]]  [[1],[4, 2],[3]]  [[2],[4, 1],[3]]  [[4],[3, 2, 1],[]]  [[4],[3, 2],[1]]  [[4, 2],[3],[1]]  [[],[4, 2, 1],[3]]  [[],[4, 2],[3, 1]]  [[2, 1],[4],[3]]  [[2],[4],[3, 1]]  [[],[3, 2, 1],[4]]  [[1],[3, 2],[4]]  [[],[3, 2],[4, 1]]  [[2],[3],[4, 1]]  [[1],[3],[4, 2]]  [[],[3, 1],[4, 2]]  [[],[3],[4, 2, 1]]  [[3],[],[4, 2, 1]]  [[2, 1],[3],[4]]  [[2],[3, 1],[4]]  [[3, 1],[],[4, 2]]  [[3],[1],[4, 2]]  [[2, 1],[],[4, 3]]  [[2],[1],[4, 3]]  [[2],[],[4, 3, 1]]  [[],[2],[4, 3, 1]]  [[],[1],[4, 3, 2]]  

[[1],[],[4, 3, 2]], F=16, G=15, H=1
OPEN: [[4, 2, 1],[3],[]]  [[],[4, 2, 1],[3]]  [[2, 1],[4],[3]]  [[2],[3, 1],[4]]  [[3, 1],[],[4, 2]]  [[3],[1],[4, 2]]  [[],[2],[4, 3, 1]]  [[1],[],[4, 3, 2]]  
PRI: 18  18  18  17  17  17  16  16  
BACKLINKS: [[4, 3, 2, 1],[],[]]  [[4, 3, 2],[1],[]]  [[4, 3, 2],[],[1]]  [[4, 3],[2],[1]]  [[4, 3],[1],[2]]  [[4, 3, 1],[],[2]]  [[4, 3],[],[2, 1]]  [[4],[3],[2, 1]]  [[4, 3, 1],[2],[]]  [[4, 3],[2, 1],[]]  [[4, 1],[3],[2]]  [[4],[3, 1],[2]]  [[4],[2, 1],[3]]  [[4, 1],[2],[3]]  [[4],[2],[3, 1]]  [[4, 2],[],[3, 1]]  [[4, 1],[],[3, 2]]  [[4],[1],[3, 2]]  [[4],[],[3, 2, 1]]  [[],[4],[3, 2, 1]]  [[4, 2, 1],[],[3]]  [[4, 2],[1],[3]]  [[1],[4],[3, 2]]  [[],[4, 1],[3, 2]]  [[4, 1],[3, 2],[]]  [[4, 2],[3, 1],[]]  [[4, 2, 1],[3],[]]  [[1],[4, 2],[3]]  [[2],[4, 1],[3]]  [[4],[3, 2, 1],[]]  [[4],[3, 2],[1]]  [[4, 2],[3],[1]]  [[],[4, 2, 1],[3]]  [[],[4, 2],[3, 1]]  [[2, 1],[4],[3]]  [[2],[4],[3, 1]]  [[],[3, 2, 1],[4]]  [[1],[3, 2],[4]]  [[],[3, 2],[4, 1]]  [[2],[3],[4, 1]]  [[1],[3],[4, 2]]  [[],[3, 1],[4, 2]]  [[],[3],[4, 2, 1]]  [[3],[],[4, 2, 1]]  [[2, 1],[3],[4]]  [[2],[3, 1],[4]]  [[3, 1],[],[4, 2]]  [[3],[1],[4, 2]]  [[2, 1],[],[4, 3]]  [[2],[1],[4, 3]]  [[2],[],[4, 3, 1]]  [[],[2],[4, 3, 1]]  [[],[1],[4, 3, 2]]  [[1],[],[4, 3, 2]]  

[[],[],[4, 3, 2, 1]], F=15, G=15, H=0
OPEN: [[4, 2, 1],[3],[]]  [[],[4, 2, 1],[3]]  [[2, 1],[4],[3]]  [[2],[3, 1],[4]]  [[3, 1],[],[4, 2]]  [[3],[1],[4, 2]]  [[],[2],[4, 3, 1]]  [[1],[],[4, 3, 2]]  [[],[],[4, 3, 2, 1]]  
PRI: 18  18  18  17  17  17  16  16  15  
BACKLINKS: [[4, 3, 2, 1],[],[]]  [[4, 3, 2],[1],[]]  [[4, 3, 2],[],[1]]  [[4, 3],[2],[1]]  [[4, 3],[1],[2]]  [[4, 3, 1],[],[2]]  [[4, 3],[],[2, 1]]  [[4],[3],[2, 1]]  [[4, 3, 1],[2],[]]  [[4, 3],[2, 1],[]]  [[4, 1],[3],[2]]  [[4],[3, 1],[2]]  [[4],[2, 1],[3]]  [[4, 1],[2],[3]]  [[4],[2],[3, 1]]  [[4, 2],[],[3, 1]]  [[4, 1],[],[3, 2]]  [[4],[1],[3, 2]]  [[4],[],[3, 2, 1]]  [[],[4],[3, 2, 1]]  [[4, 2, 1],[],[3]]  [[4, 2],[1],[3]]  [[1],[4],[3, 2]]  [[],[4, 1],[3, 2]]  [[4, 1],[3, 2],[]]  [[4, 2],[3, 1],[]]  [[4, 2, 1],[3],[]]  [[1],[4, 2],[3]]  [[2],[4, 1],[3]]  [[4],[3, 2, 1],[]]  [[4],[3, 2],[1]]  [[4, 2],[3],[1]]  [[],[4, 2, 1],[3]]  [[],[4, 2],[3, 1]]  [[2, 1],[4],[3]]  [[2],[4],[3, 1]]  [[],[3, 2, 1],[4]]  [[1],[3, 2],[4]]  [[],[3, 2],[4, 1]]  [[2],[3],[4, 1]]  [[1],[3],[4, 2]]  [[],[3, 1],[4, 2]]  [[],[3],[4, 2, 1]]  [[3],[],[4, 2, 1]]  [[2, 1],[3],[4]]  [[2],[3, 1],[4]]  [[3, 1],[],[4, 2]]  [[3],[1],[4, 2]]  [[2, 1],[],[4, 3]]  [[2],[1],[4, 3]]  [[2],[],[4, 3, 1]]  [[],[2],[4, 3, 1]]  [[],[1],[4, 3, 2]]  [[1],[],[4, 3, 2]]  [[],[],[4, 3, 2, 1]]  

Solution path: 
[[4, 3, 2, 1],[],[]]
[[4, 3, 2],[1],[]]
[[4, 3],[1],[2]]
[[4, 3],[],[2, 1]]
[[4],[3],[2, 1]]
[[4, 1],[3],[2]]
[[4, 1],[3, 2],[]]
[[4],[3, 2, 1],[]]
[[],[3, 2, 1],[4]]
[[],[3, 2],[4, 1]]
[[2],[3],[4, 1]]
[[2, 1],[3],[4]]
[[2, 1],[],[4, 3]]
[[2],[1],[4, 3]]
[[],[1],[4, 3, 2]]
[[],[],[4, 3, 2, 1]]

Path length = 15
46 states examined.
